时间标识,2024/7/10 19:20:27,时间标识,2024/7/10 19:20:27
间隔,0.0002,间隔,0.0002
通道名称,"输入0",通道名称,"输入1"
单位,"V",单位,"V"
0,2.0387709881179035,0,2.0168289309367537
0.0002,2.0361895696260035,0.0002,2.0155382216908038
0.0004,2.0348988603800535,0.0004,2.0142475124448538
0.0006,2.0400616973638535,0.0006,2.0168289309367537
0.0008,2.0400616973638535,0.0008,2.0181196401827037
0.001,2.0400616973638535,0.001,2.0181196401827037
0.0012,2.0387709881179035,0.0012,2.0181196401827037
0.0014,2.0361895696260035,0.0014,2.0116660939529538
0.0016,2.0387709881179035,0.0016,2.0142475124448538
0.0018,2.0374802788719535,0.0018,2.0181196401827037
0.002,2.0348988603800535,0.002,2.0181196401827037
0.0022,2.0361895696260035,0.0022,2.0155382216908038
0.0024,2.0348988603800535,0.0024,2.0181196401827037
0.0026,2.0361895696260035,0.0026,2.0116660939529538
0.0028,2.0387709881179035,0.0028,2.0129568031989038
0.003,2.0374802788719535,0.003,2.0155382216908038
0.0032,2.0387709881179035,0.0032,2.0181196401827037
0.0034,2.0426431158557534,0.0034,2.0181196401827037
0.0036,2.0413524066098034,0.0036,2.0194103494286537
0.0038,2.0374802788719535,0.0038,2.0194103494286537
0.004,2.0387709881179035,0.004,2.0194103494286537
0.0042,2.0413524066098034,0.0042,2.0168289309367537
0.0044,2.0439338251017034,0.0044,2.0194103494286537
0.0046,2.0426431158557534,0.0046,2.0219917679205537
0.0048,2.0452245343476534,0.0048,2.0194103494286537
0.005,2.0452245343476534,0.005,2.0232824771665037
0.0052,2.0439338251017034,0.0052,2.0219917679205537
0.0054,2.0452245343476534,0.0054,2.0245731864124537
0.0056,2.0465152435936034,0.0056,2.0245731864124537
0.0058,2.0452245343476534,0.0058,2.0245731864124537
0.006,2.0490966620855033,0.006,2.0297360233962536
0.0062,2.0490966620855033,0.0062,2.0245731864124537
0.0064,2.0516780805774033,0.0064,2.0284453141503036
0.0066,2.0529687898233533,0.0066,2.0323174418881536
0.0068,2.0555502083152533,0.0068,2.0336081511341035
0.007,2.0568409175612032,0.007,2.0310267326422036
0.0072,2.0581316268071532,0.0072,2.0374802788719535
0.0074,2.0568409175612032,0.0074,2.0361895696260035
0.0076,2.0607130452990532,0.0076,2.0387709881179035
0.0078,2.0607130452990532,0.0078,2.0387709881179035
0.008,2.0607130452990532,0.008,2.0413524066098034
0.0082,2.0645851730369031,0.0082,2.0374802788719535
0.0084,2.0645851730369031,0.0084,2.0413524066098034
0.0086,2.0658758822828531,0.0086,2.0387709881179035
0.0088,2.0671665915288031,0.0088,2.0439338251017034
0.009,2.0684573007747531,0.009,2.0387709881179035
0.0092,2.0658758822828531,0.0092,2.0478059528395534
0.0094,2.0671665915288031,0.0094,2.0426431158557534
0.0096,2.0671665915288031,0.0096,2.0452245343476534
0.0098,2.0697480100207031,0.0098,2.0465152435936034
0.01,2.0684573007747531,0.01,2.0516780805774033
0.0102,2.0697480100207031,0.0102,2.0516780805774033
0.0104,2.0645851730369031,0.0104,2.0465152435936034
0.0106,2.0671665915288031,0.0106,2.0465152435936034
0.0108,2.0710387192666531,0.0108,2.0529687898233533
0.011,2.074910847004503,0.011,2.0478059528395534
0.0112,2.0697480100207031,0.0112,2.0452245343476534
0.0114,2.0697480100207031,0.0114,2.0516780805774033
0.0116,2.076201556250453,0.0116,2.0490966620855033
0.0118,2.0710387192666531,0.0118,2.0490966620855033
0.012,2.073620137758553,0.012,2.0516780805774033
0.0122,2.0684573007747531,0.0122,2.0516780805774033
0.0124,2.072329428512603,0.0124,2.0503873713314533
0.0126,2.073620137758553,0.0126,2.0478059528395534
0.0128,2.072329428512603,0.0128,2.0555502083152533
0.013,2.0697480100207031,0.013,2.0503873713314533
0.0132,2.073620137758553,0.0132,2.0542594990693033
0.0134,2.0710387192666531,0.0134,2.0478059528395534
0.0136,2.0684573007747531,0.0136,2.0452245343476534
0.0138,2.0658758822828531,0.0138,2.0478059528395534
0.014,2.0671665915288031,0.014,2.0439338251017034
0.0142,2.0658758822828531,0.0142,2.0439338251017034
0.0144,2.0684573007747531,0.0144,2.0465152435936034
0.0146,2.0658758822828531,0.0146,2.0439338251017034
0.0148,2.0671665915288031,0.0148,2.0439338251017034
0.015,2.0671665915288031,0.015,2.0361895696260035
0.0152,2.0620037545450032,0.0152,2.0413524066098034
0.0154,2.0645851730369031,0.0154,2.0374802788719535
0.0156,2.0620037545450032,0.0156,2.0400616973638535
0.0158,2.0568409175612032,0.0158,2.0387709881179035
0.016,2.0607130452990532,0.016,2.0374802788719535
0.0162,2.0542594990693033,0.0162,2.0400616973638535
0.0164,2.0568409175612032,0.0164,2.0374802788719535
0.0166,2.0542594990693033,0.0166,2.0336081511341035
0.0168,2.0529687898233533,0.0168,2.0310267326422036
0.017,2.0529687898233533,0.017,2.0323174418881536
0.0172,2.0581316268071532,0.0172,2.0310267326422036
0.0174,2.0516780805774033,0.0174,2.0336081511341035
0.0176,2.0490966620855033,0.0176,2.0258638956584036
0.0178,2.0490966620855033,0.0178,2.0258638956584036
0.018,2.0452245343476534,0.018,2.0271546049043536
0.0182,2.0490966620855033,0.0182,2.0219917679205537
0.0184,2.0452245343476534,0.0184,2.0271546049043536
0.0186,2.0439338251017034,0.0186,2.0232824771665037
0.0188,2.0387709881179035,0.0188,2.0245731864124537
0.019,2.0413524066098034,0.019,2.0232824771665037
0.0192,2.0413524066098034,0.0192,2.0219917679205537
0.0194,2.0400616973638535,0.0194,2.0181196401827037
0.0196,2.0426431158557534,0.0196,2.0168289309367537
0.0198,2.0413524066098034,0.0198,2.0155382216908038
0.02,2.0387709881179035,0.02,2.0142475124448538
0.0202,2.0387709881179035,0.0202,2.0181196401827037
0.0204,2.0400616973638535,0.0204,2.0181196401827037
0.0206,2.0361895696260035,0.0206,2.0129568031989038
0.0208,2.0374802788719535,0.0208,2.0155382216908038
0.021,2.0387709881179035,0.021,2.0142475124448538
0.0212,2.0387709881179035,0.0212,2.0142475124448538
0.0214,2.0400616973638535,0.0214,2.0116660939529538
0.0216,2.0361895696260035,0.0216,2.0103753847070038
0.0218,2.0361895696260035,0.0218,2.0168289309367537
0.022,2.0348988603800535,0.022,2.0194103494286537
0.0222,2.0336081511341035,0.0222,2.0142475124448538
0.0224,2.0323174418881536,0.0224,2.0129568031989038
0.0226,2.0374802788719535,0.0226,2.0129568031989038
0.0228,2.0374802788719535,0.0228,2.0142475124448538
0.023,2.0374802788719535,0.023,2.0142475124448538
0.0232,2.0348988603800535,0.0232,2.0142475124448538
0.0234,2.0426431158557534,0.0234,2.0155382216908038
0.0236,2.0374802788719535,0.0236,2.0155382216908038
0.0238,2.0413524066098034,0.0238,2.0181196401827037
0.024,2.0413524066098034,0.024,2.0168289309367537
0.0242,2.0426431158557534,0.0242,2.0168289309367537
0.0244,2.0452245343476534,0.0244,2.0129568031989038
0.0246,2.0426431158557534,0.0246,2.0245731864124537
0.0248,2.0465152435936034,0.0248,2.0194103494286537
0.025,2.0387709881179035,0.025,2.0181196401827037
0.0252,2.0413524066098034,0.0252,2.0207010586746037
0.0254,2.0426431158557534,0.0254,2.0219917679205537
0.0256,2.0439338251017034,0.0256,2.0258638956584036
0.0258,2.0439338251017034,0.0258,2.0232824771665037
0.026,2.0465152435936034,0.026,2.0219917679205537
0.0262,2.0490966620855033,0.0262,2.0271546049043536
0.0264,2.0503873713314533,0.0264,2.0310267326422036
0.0266,2.0529687898233533,0.0266,2.0284453141503036
0.0268,2.0516780805774033,0.0268,2.0310267326422036
0.027,2.0555502083152533,0.027,2.0297360233962536
0.0272,2.0568409175612032,0.0272,2.0374802788719535
0.0274,2.0581316268071532,0.0274,2.0336081511341035
0.0276,2.0555502083152533,0.0276,2.0361895696260035
0.0278,2.0555502083152533,0.0278,2.0374802788719535
0.028,2.0581316268071532,0.028,2.0387709881179035
0.0282,2.0620037545450032,0.0282,2.0426431158557534
0.0284,2.0594223360531032,0.0284,2.0400616973638535
0.0286,2.0645851730369031,0.0286,2.0426431158557534
0.0288,2.0658758822828531,0.0288,2.0426431158557534
0.029,2.0658758822828531,0.029,2.0426431158557534
0.0292,2.0607130452990532,0.0292,2.0361895696260035
0.0294,2.0684573007747531,0.0294,2.0413524066098034
0.0296,2.0671665915288031,0.0296,2.0426431158557534
0.0298,2.0684573007747531,0.0298,2.0439338251017034
0.03,2.0645851730369031,0.03,2.0529687898233533
0.0302,2.072329428512603,0.0302,2.0478059528395534
0.0304,2.0697480100207031,0.0304,2.0490966620855033
0.0306,2.0697480100207031,0.0306,2.0542594990693033
0.0308,2.0645851730369031,0.0308,2.0490966620855033
0.031,2.0710387192666531,0.031,2.0503873713314533
0.0312,2.0684573007747531,0.0312,2.0478059528395534
0.0314,2.0684573007747531,0.0314,2.0490966620855033
0.0316,2.0697480100207031,0.0316,2.0478059528395534
0.0318,2.072329428512603,0.0318,2.0503873713314533
0.032,2.073620137758553,0.032,2.0542594990693033
0.0322,2.073620137758553,0.0322,2.0503873713314533
0.0324,2.072329428512603,0.0324,2.0503873713314533
0.0326,2.073620137758553,0.0326,2.0542594990693033
0.0328,2.0697480100207031,0.0328,2.0516780805774033
0.033,2.0697480100207031,0.033,2.0490966620855033
0.0332,2.0710387192666531,0.0332,2.0490966620855033
0.0334,2.0684573007747531,0.0334,2.0516780805774033
0.0336,2.0697480100207031,0.0336,2.0490966620855033
0.0338,2.0684573007747531,0.0338,2.0478059528395534
0.034,2.0684573007747531,0.034,2.0465152435936034
0.0342,2.0684573007747531,0.0342,2.0413524066098034
0.0344,2.0684573007747531,0.0344,2.0465152435936034
0.0346,2.0658758822828531,0.0346,2.0490966620855033
0.0348,2.0620037545450032,0.0348,2.0503873713314533
0.035,2.0632944637909532,0.035,2.0439338251017034
0.0352,2.0620037545450032,0.0352,2.0426431158557534
0.0354,2.0632944637909532,0.0354,2.0387709881179035
0.0356,2.0645851730369031,0.0356,2.0413524066098034
0.0358,2.0607130452990532,0.0358,2.0361895696260035
0.036,2.0568409175612032,0.036,2.0374802788719535
0.0362,2.0607130452990532,0.0362,2.0374802788719535
0.0364,2.0542594990693033,0.0364,2.0361895696260035
0.0366,2.0529687898233533,0.0366,2.0336081511341035
0.0368,2.0568409175612032,0.0368,2.0336081511341035
0.037,2.0529687898233533,0.037,2.0323174418881536
0.0372,2.0542594990693033,0.0372,2.0284453141503036
0.0374,2.0503873713314533,0.0374,2.0271546049043536
0.0376,2.0516780805774033,0.0376,2.0258638956584036
0.0378,2.0503873713314533,0.0378,2.0232824771665037
0.038,2.0478059528395534,0.038,2.0245731864124537
0.0382,2.0439338251017034,0.0382,2.0258638956584036
0.0384,2.0452245343476534,0.0384,2.0181196401827037
0.0386,2.0465152435936034,0.0386,2.0219917679205537
0.0388,2.0478059528395534,0.0388,2.0181196401827037
0.039,2.0374802788719535,0.039,2.0168289309367537
0.0392,2.0426431158557534,0.0392,2.0142475124448538
0.0394,2.0413524066098034,0.0394,2.0194103494286537
0.0396,2.0426431158557534,0.0396,2.0207010586746037
0.0398,2.0413524066098034,0.0398,2.0142475124448538
0.04,2.0348988603800535,0.04,2.0116660939529538
0.0402,2.0361895696260035,0.0402,2.0129568031989038
0.0404,2.0374802788719535,0.0404,2.0168289309367537
0.0406,2.0387709881179035,0.0406,2.0194103494286537
0.0408,2.0439338251017034,0.0408,2.0142475124448538
0.041,2.0374802788719535,0.041,2.0168289309367537
0.0412,2.0387709881179035,0.0412,2.0090846754610538
0.0414,2.0374802788719535,0.0414,2.0103753847070038
0.0416,2.0374802788719535,0.0416,2.0142475124448538
0.0418,2.0400616973638535,0.0418,2.0116660939529538
0.042,2.0361895696260035,0.042,2.0103753847070038
0.0422,2.0400616973638535,0.0422,2.0168289309367537
0.0424,2.0400616973638535,0.0424,2.0103753847070038
0.0426,2.0323174418881536,0.0426,2.0129568031989038
0.0428,2.0413524066098034,0.0428,2.0065032569691539
0.043,2.0348988603800535,0.043,2.0103753847070038
0.0432,2.0361895696260035,0.0432,2.0168289309367537
0.0434,2.0387709881179035,0.0434,2.0155382216908038
0.0436,2.0374802788719535,0.0436,2.0168289309367537
0.0438,2.0413524066098034,0.0438,2.0142475124448538
0.044,2.0374802788719535,0.044,2.0181196401827037
0.0442,2.0490966620855033,0.0442,2.0219917679205537
0.0444,2.0452245343476534,0.0444,2.0219917679205537
0.0446,2.0452245343476534,0.0446,2.0219917679205537
0.0448,2.0426431158557534,0.0448,2.0181196401827037
0.045,2.0439338251017034,0.045,2.0245731864124537
0.0452,2.0426431158557534,0.0452,2.0181196401827037
0.0454,2.0490966620855033,0.0454,2.0207010586746037
0.0456,2.0490966620855033,0.0456,2.0232824771665037
0.0458,2.0465152435936034,0.0458,2.0258638956584036
0.046,2.0503873713314533,0.046,2.0168289309367537
0.0462,2.0516780805774033,0.0462,2.0323174418881536
0.0464,2.0529687898233533,0.0464,2.0271546049043536
0.0466,2.0555502083152533,0.0466,2.0336081511341035
0.0468,2.0516780805774033,0.0468,2.0336081511341035
0.047,2.0607130452990532,0.047,2.0323174418881536
0.0472,2.0555502083152533,0.0472,2.0348988603800535
0.0474,2.0516780805774033,0.0474,2.0426431158557534
0.0476,2.0594223360531032,0.0476,2.0323174418881536
0.0478,2.0632944637909532,0.0478,2.0374802788719535
0.048,2.0555502083152533,0.048,2.0426431158557534
0.0482,2.0594223360531032,0.0482,2.0413524066098034
0.0484,2.0607130452990532,0.0484,2.0361895696260035
0.0486,2.0594223360531032,0.0486,2.0413524066098034
0.0488,2.0658758822828531,0.0488,2.0387709881179035
0.049,2.0620037545450032,0.049,2.0439338251017034
0.0492,2.0697480100207031,0.0492,2.0465152435936034
0.0494,2.0658758822828531,0.0494,2.0439338251017034
0.0496,2.0684573007747531,0.0496,2.0413524066098034
0.0498,2.0710387192666531,0.0498,2.0452245343476534
0.05,2.074910847004503,0.05,2.0478059528395534
0.0502,2.0684573007747531,0.0502,2.0452245343476534
0.0504,2.0671665915288031,0.0504,2.0478059528395534
0.0506,2.0684573007747531,0.0506,2.0503873713314533
0.0508,2.0710387192666531,0.0508,2.0439338251017034
0.051,2.0710387192666531,0.051,2.0426431158557534
0.0512,2.0710387192666531,0.0512,2.0478059528395534
0.0514,2.0710387192666531,0.0514,2.0465152435936034
0.0516,2.077492265496403,0.0516,2.0465152435936034
0.0518,2.074910847004503,0.0518,2.0516780805774033
0.052,2.073620137758553,0.052,2.0465152435936034
0.0522,2.073620137758553,0.0522,2.0529687898233533
0.0524,2.074910847004503,0.0524,2.0452245343476534
0.0526,2.076201556250453,0.0526,2.0490966620855033
0.0528,2.072329428512603,0.0528,2.0465152435936034
0.053,2.0697480100207031,0.053,2.0490966620855033
0.0532,2.072329428512603,0.0532,2.0516780805774033
0.0534,2.073620137758553,0.0534,2.0439338251017034
0.0536,2.0684573007747531,0.0536,2.0503873713314533
0.0538,2.0671665915288031,0.0538,2.0426431158557534
0.054,2.0697480100207031,0.054,2.0465152435936034
0.0542,2.0710387192666531,0.0542,2.0439338251017034
0.0544,2.0671665915288031,0.0544,2.0452245343476534
0.0546,2.0671665915288031,0.0546,2.0439338251017034
0.0548,2.0632944637909532,0.0548,2.0426431158557534
0.055,2.0658758822828531,0.055,2.0400616973638535
0.0552,2.0671665915288031,0.0552,2.0413524066098034
0.0554,2.0632944637909532,0.0554,2.0400616973638535
0.0556,2.0632944637909532,0.0556,2.0400616973638535
0.0558,2.0658758822828531,0.0558,2.0387709881179035
0.056,2.0581316268071532,0.056,2.0387709881179035
0.0562,2.0581316268071532,0.0562,2.0387709881179035
0.0564,2.0607130452990532,0.0564,2.0323174418881536
0.0566,2.0555502083152533,0.0566,2.0323174418881536
0.0568,2.0568409175612032,0.0568,2.0310267326422036
0.057,2.0568409175612032,0.057,2.0323174418881536
0.0572,2.0542594990693033,0.0572,2.0297360233962536
0.0574,2.0529687898233533,0.0574,2.0284453141503036
0.0576,2.0555502083152533,0.0576,2.0232824771665037
0.0578,2.0529687898233533,0.0578,2.0284453141503036
0.058,2.0478059528395534,0.058,2.0245731864124537
0.0582,2.0465152435936034,0.0582,2.0232824771665037
0.0584,2.0490966620855033,0.0584,2.0232824771665037
0.0586,2.0452245343476534,0.0586,2.0245731864124537
0.0588,2.0452245343476534,0.0588,2.0207010586746037
0.059,2.0452245343476534,0.059,2.0245731864124537
0.0592,2.0465152435936034,0.0592,2.0181196401827037
0.0594,2.0465152435936034,0.0594,2.0194103494286537
0.0596,2.0413524066098034,0.0596,2.0219917679205537
0.0598,2.0387709881179035,0.0598,2.0155382216908038
0.06,2.0361895696260035,0.06,2.0129568031989038
0.0602,2.0374802788719535,0.0602,2.0155382216908038
0.0604,2.0426431158557534,0.0604,2.0155382216908038
0.0606,2.0361895696260035,0.0606,2.0142475124448538
0.0608,2.0374802788719535,0.0608,2.0155382216908038
0.061,2.0361895696260035,0.061,2.0168289309367537
0.0612,2.0361895696260035,0.0612,2.0129568031989038
0.0614,2.0439338251017034,0.0614,2.0129568031989038
0.0616,2.0400616973638535,0.0616,2.0155382216908038
0.0618,2.0336081511341035,0.0618,2.0155382216908038
0.062,2.0387709881179035,0.062,2.0142475124448538
0.0622,2.0348988603800535,0.0622,2.0116660939529538
0.0624,2.0361895696260035,0.0624,2.0181196401827037
0.0626,2.0400616973638535,0.0626,2.0142475124448538
0.0628,2.0348988603800535,0.0628,2.0116660939529538
0.063,2.0400616973638535,0.063,2.0155382216908038
0.0632,2.0413524066098034,0.0632,2.0129568031989038
0.0634,2.0387709881179035,0.0634,2.0155382216908038
0.0636,2.0413524066098034,0.0636,2.0129568031989038
0.0638,2.0413524066098034,0.0638,2.0245731864124537
0.064,2.0400616973638535,0.064,2.0207010586746037
0.0642,2.0387709881179035,0.0642,2.0219917679205537
0.0644,2.0452245343476534,0.0644,2.0219917679205537
0.0646,2.0400616973638535,0.0646,2.0232824771665037
0.0648,2.0465152435936034,0.0648,2.0194103494286537
0.065,2.0413524066098034,0.065,2.0284453141503036
0.0652,2.0490966620855033,0.0652,2.0207010586746037
0.0654,2.0478059528395534,0.0654,2.0219917679205537
0.0656,2.0465152435936034,0.0656,2.0271546049043536
0.0658,2.0452245343476534,0.0658,2.0258638956584036
0.066,2.0503873713314533,0.066,2.0271546049043536
0.0662,2.0503873713314533,0.0662,2.0284453141503036
0.0664,2.0503873713314533,0.0664,2.0348988603800535
0.0666,2.0542594990693033,0.0666,2.0323174418881536
0.0668,2.0529687898233533,0.0668,2.0336081511341035
0.067,2.0542594990693033,0.067,2.0336081511341035
0.0672,2.0555502083152533,0.0672,2.0348988603800535
0.0674,2.0568409175612032,0.0674,2.0348988603800535
0.0676,2.0594223360531032,0.0676,2.0413524066098034
0.0678,2.0594223360531032,0.0678,2.0374802788719535
0.068,2.0620037545450032,0.068,2.0374802788719535
0.0682,2.0594223360531032,0.0682,2.0374802788719535
0.0684,2.0620037545450032,0.0684,2.0426431158557534
0.0686,2.0607130452990532,0.0686,2.0426431158557534
0.0688,2.0632944637909532,0.0688,2.0426431158557534
0.069,2.0671665915288031,0.069,2.0413524066098034
0.0692,2.0710387192666531,0.0692,2.0465152435936034
0.0694,2.0697480100207031,0.0694,2.0452245343476534
0.0696,2.0671665915288031,0.0696,2.0465152435936034
0.0698,2.0684573007747531,0.0698,2.0465152435936034
0.07,2.0671665915288031,0.07,2.0503873713314533
0.0702,2.072329428512603,0.0702,2.0490966620855033
0.0704,2.073620137758553,0.0704,2.0516780805774033
0.0706,2.076201556250453,0.0706,2.0452245343476534
0.0708,2.0697480100207031,0.0708,2.0478059528395534
0.071,2.0697480100207031,0.071,2.0503873713314533
0.0712,2.072329428512603,0.0712,2.0516780805774033
0.0714,2.0710387192666531,0.0714,2.0490966620855033
0.0716,2.073620137758553,0.0716,2.0529687898233533
0.0718,2.073620137758553,0.0718,2.0478059528395534
0.072,2.072329428512603,0.072,2.0478059528395534
0.0722,2.074910847004503,0.0722,2.0581316268071532
0.0724,2.072329428512603,0.0724,2.0503873713314533
0.0726,2.073620137758553,0.0726,2.0516780805774033
0.0728,2.074910847004503,0.0728,2.0555502083152533
0.073,2.072329428512603,0.073,2.0465152435936034
0.0732,2.072329428512603,0.0732,2.0478059528395534
0.0734,2.072329428512603,0.0734,2.0503873713314533
0.0736,2.0697480100207031,0.0736,2.0478059528395534
0.0738,2.0697480100207031,0.0738,2.0503873713314533
0.074,2.073620137758553,0.074,2.0478059528395534
0.0742,2.0697480100207031,0.0742,2.0465152435936034
0.0744,2.0671665915288031,0.0744,2.0426431158557534
0.0746,2.0658758822828531,0.0746,2.0387709881179035
0.0748,2.0632944637909532,0.0748,2.0413524066098034
0.075,2.0645851730369031,0.075,2.0439338251017034
0.0752,2.0594223360531032,0.0752,2.0413524066098034
0.0754,2.0620037545450032,0.0754,2.0387709881179035
0.0756,2.0632944637909532,0.0756,2.0361895696260035
0.0758,2.0658758822828531,0.0758,2.0387709881179035
0.076,2.0632944637909532,0.076,2.0400616973638535
0.0762,2.0607130452990532,0.0762,2.0387709881179035
0.0764,2.0607130452990532,0.0764,2.0348988603800535
0.0766,2.0555502083152533,0.0766,2.0336081511341035
0.0768,2.0568409175612032,0.0768,2.0323174418881536
0.077,2.0555502083152533,0.077,2.0361895696260035
0.0772,2.0529687898233533,0.0772,2.0310267326422036
0.0774,2.0581316268071532,0.0774,2.0297360233962536
0.0776,2.0516780805774033,0.0776,2.0271546049043536
0.0778,2.0503873713314533,0.0778,2.0194103494286537
0.078,2.0478059528395534,0.078,2.0284453141503036
0.0782,2.0465152435936034,0.0782,2.0207010586746037
0.0784,2.0439338251017034,0.0784,2.0207010586746037
0.0786,2.0426431158557534,0.0786,2.0194103494286537
0.0788,2.0452245343476534,0.0788,2.0219917679205537
0.079,2.0426431158557534,0.079,2.0232824771665037
0.0792,2.0452245343476534,0.0792,2.0207010586746037
0.0794,2.0426431158557534,0.0794,2.0219917679205537
0.0796,2.0426431158557534,0.0796,2.0168289309367537
0.0798,2.0400616973638535,0.0798,2.0219917679205537
0.08,2.0361895696260035,0.08,2.0194103494286537
0.0802,2.0323174418881536,0.0802,2.0194103494286537
0.0804,2.0374802788719535,0.0804,2.0129568031989038
0.0806,2.0361895696260035,0.0806,2.0207010586746037
0.0808,2.0413524066098034,0.0808,2.0155382216908038
0.081,2.0387709881179035,0.081,2.0103753847070038
0.0812,2.0413524066098034,0.0812,2.0116660939529538
0.0814,2.0387709881179035,0.0814,2.0129568031989038
0.0816,2.0361895696260035,0.0816,2.0181196401827037
0.0818,2.0361895696260035,0.0818,2.0155382216908038
0.082,2.0361895696260035,0.082,2.0129568031989038
0.0822,2.0400616973638535,0.0822,2.0155382216908038
0.0824,2.0361895696260035,0.0824,2.0168289309367537
0.0826,2.0413524066098034,0.0826,2.0194103494286537
0.0828,2.0426431158557534,0.0828,2.0168289309367537
0.083,2.0400616973638535,0.083,2.0142475124448538
0.0832,2.0374802788719535,0.0832,2.0142475124448538
0.0834,2.0374802788719535,0.0834,2.0194103494286537
0.0836,2.0387709881179035,0.0836,2.0168289309367537
0.0838,2.0426431158557534,0.0838,2.0194103494286537
0.084,2.0439338251017034,0.084,2.0155382216908038
0.0842,2.0400616973638535,0.0842,2.0142475124448538
0.0844,2.0426431158557534,0.0844,2.0245731864124537
0.0846,2.0426431158557534,0.0846,2.0168289309367537
0.0848,2.0452245343476534,0.0848,2.0207010586746037
0.085,2.0400616973638535,0.085,2.0219917679205537
0.0852,2.0465152435936034,0.0852,2.0194103494286537
0.0854,2.0490966620855033,0.0854,2.0245731864124537
0.0856,2.0439338251017034,0.0856,2.0245731864124537
0.0858,2.0465152435936034,0.0858,2.0232824771665037
0.086,2.0490966620855033,0.086,2.0245731864124537
0.0862,2.0490966620855033,0.0862,2.0336081511341035
0.0864,2.0516780805774033,0.0864,2.0310267326422036
0.0866,2.0555502083152533,0.0866,2.0284453141503036
0.0868,2.0581316268071532,0.0868,2.0310267326422036
0.087,2.0581316268071532,0.087,2.0310267326422036
0.0872,2.0620037545450032,0.0872,2.0297360233962536
0.0874,2.0542594990693033,0.0874,2.0348988603800535
0.0876,2.0581316268071532,0.0876,2.0374802788719535
0.0878,2.0632944637909532,0.0878,2.0310267326422036
0.088,2.0620037545450032,0.088,2.0400616973638535
0.0882,2.0594223360531032,0.0882,2.0426431158557534
0.0884,2.0645851730369031,0.0884,2.0452245343476534
0.0886,2.0645851730369031,0.0886,2.0387709881179035
0.0888,2.0671665915288031,0.0888,2.0413524066098034
0.089,2.0671665915288031,0.089,2.0439338251017034
0.0892,2.0671665915288031,0.0892,2.0452245343476534
0.0894,2.0671665915288031,0.0894,2.0413524066098034
0.0896,2.0632944637909532,0.0896,2.0503873713314533
0.0898,2.072329428512603,0.0898,2.0465152435936034
0.09,2.0697480100207031,0.09,2.0490966620855033
0.0902,2.0697480100207031,0.0902,2.0490966620855033
0.0904,2.074910847004503,0.0904,2.0478059528395534
0.0906,2.072329428512603,0.0906,2.0426431158557534
0.0908,2.074910847004503,0.0908,2.0490966620855033
0.091,2.074910847004503,0.091,2.0478059528395534
0.0912,2.0697480100207031,0.0912,2.0478059528395534
0.0914,2.073620137758553,0.0914,2.0568409175612032
0.0916,2.0710387192666531,0.0916,2.0529687898233533
0.0918,2.072329428512603,0.0918,2.0490966620855033
0.092,2.072329428512603,0.092,2.0478059528395534
0.0922,2.074910847004503,0.0922,2.0490966620855033
0.0924,2.072329428512603,0.0924,2.0529687898233533
0.0926,2.0684573007747531,0.0926,2.0516780805774033
0.0928,2.0710387192666531,0.0928,2.0490966620855033
0.093,2.073620137758553,0.093,2.0478059528395534
0.0932,2.073620137758553,0.0932,2.0490966620855033
0.0934,2.076201556250453,0.0934,2.0490966620855033
0.0936,2.072329428512603,0.0936,2.0452245343476534
0.0938,2.072329428512603,0.0938,2.0503873713314533
0.094,2.0710387192666531,0.094,2.0465152435936034
0.0942,2.0645851730369031,0.0942,2.0465152435936034
0.0944,2.0684573007747531,0.0944,2.0426431158557534
0.0946,2.0671665915288031,0.0946,2.0452245343476534
0.0948,2.0658758822828531,0.0948,2.0439338251017034
0.095,2.0697480100207031,0.095,2.0426431158557534
0.0952,2.072329428512603,0.0952,2.0439338251017034
0.0954,2.0632944637909532,0.0954,2.0413524066098034
0.0956,2.0632944637909532,0.0956,2.0413524066098034
0.0958,2.0581316268071532,0.0958,2.0400616973638535
0.096,2.0620037545450032,0.096,2.0426431158557534
0.0962,2.0620037545450032,0.0962,2.0348988603800535
0.0964,2.0542594990693033,0.0964,2.0348988603800535
0.0966,2.0568409175612032,0.0966,2.0374802788719535
0.0968,2.0542594990693033,0.0968,2.0271546049043536
0.097,2.0542594990693033,0.097,2.0310267326422036
0.0972,2.0529687898233533,0.0972,2.0284453141503036
0.0974,2.0542594990693033,0.0974,2.0310267326422036
0.0976,2.0516780805774033,0.0976,2.0271546049043536
0.0978,2.0490966620855033,0.0978,2.0245731864124537
0.098,2.0465152435936034,0.098,2.0232824771665037
0.0982,2.0503873713314533,0.0982,2.0245731864124537
0.0984,2.0465152435936034,0.0984,2.0232824771665037
0.0986,2.0478059528395534,0.0986,2.0245731864124537
0.0988,2.0490966620855033,0.0988,2.0207010586746037
0.099,2.0452245343476534,0.099,2.0232824771665037
0.0992,2.0426431158557534,0.0992,2.0181196401827037
0.0994,2.0426431158557534,0.0994,2.0219917679205537
0.0996,2.0439338251017034,0.0996,2.0181196401827037
0.0998,2.0400616973638535,0.0998,2.0181196401827037
0.1,2.0387709881179035,0.1,2.0142475124448538
0.1002,2.0361895696260035,0.1002,2.0168289309367537
0.1004,2.0426431158557534,0.1004,2.0155382216908038
0.1006,2.0439338251017034,0.1006,2.0168289309367537
0.1008,2.0374802788719535,0.1008,2.0090846754610538
0.101,2.0374802788719535,0.101,2.0129568031989038
0.1012,2.0374802788719535,0.1012,2.0129568031989038
0.1014,2.0374802788719535,0.1014,2.0181196401827037
0.1016,2.0400616973638535,0.1016,2.0129568031989038
0.1018,2.0374802788719535,0.1018,2.0168289309367537
0.102,2.0387709881179035,0.102,2.0155382216908038
0.1022,2.0439338251017034,0.1022,2.0129568031989038
0.1024,2.0361895696260035,0.1024,2.0103753847070038
0.1026,2.0387709881179035,0.1026,2.0155382216908038
0.1028,2.0387709881179035,0.1028,2.0103753847070038
0.103,2.0413524066098034,0.103,2.0168289309367537
0.1032,2.0413524066098034,0.1032,2.0168289309367537
0.1034,2.0400616973638535,0.1034,2.0129568031989038
0.1036,2.0374802788719535,0.1036,2.0207010586746037
0.1038,2.0387709881179035,0.1038,2.0155382216908038
0.104,2.0426431158557534,0.104,2.0181196401827037
0.1042,2.0439338251017034,0.1042,2.0232824771665037
0.1044,2.0413524066098034,0.1044,2.0168289309367537
0.1046,2.0426431158557534,0.1046,2.0219917679205537
0.1048,2.0452245343476534,0.1048,2.0207010586746037
0.105,2.0439338251017034,0.105,2.0207010586746037
0.1052,2.0452245343476534,0.1052,2.0258638956584036
0.1054,2.0465152435936034,0.1054,2.0245731864124537
0.1056,2.0478059528395534,0.1056,2.0245731864124537
0.1058,2.0516780805774033,0.1058,2.0232824771665037
0.106,2.0490966620855033,0.106,2.0284453141503036
0.1062,2.0490966620855033,0.1062,2.0297360233962536
0.1064,2.0503873713314533,0.1064,2.0284453141503036
0.1066,2.0555502083152533,0.1066,2.0323174418881536
0.1068,2.0542594990693033,0.1068,2.0323174418881536
0.107,2.0581316268071532,0.107,2.0336081511341035
0.1072,2.0568409175612032,0.1072,2.0310267326422036
0.1074,2.0594223360531032,0.1074,2.0336081511341035
0.1076,2.0594223360531032,0.1076,2.0336081511341035
0.1078,2.0568409175612032,0.1078,2.0361895696260035
0.108,2.0632944637909532,0.108,2.0374802788719535
0.1082,2.0620037545450032,0.1082,2.0413524066098034
0.1084,2.0620037545450032,0.1084,2.0439338251017034
0.1086,2.0620037545450032,0.1086,2.0490966620855033
0.1088,2.0632944637909532,0.1088,2.0426431158557534
0.109,2.0684573007747531,0.109,2.0439338251017034
0.1092,2.0645851730369031,0.1092,2.0478059528395534
0.1094,2.072329428512603,0.1094,2.0387709881179035
0.1096,2.0671665915288031,0.1096,2.0439338251017034
0.1098,2.0710387192666531,0.1098,2.0478059528395534
0.11,2.073620137758553,0.11,2.0465152435936034
0.1102,2.0710387192666531,0.1102,2.0439338251017034
0.1104,2.0710387192666531,0.1104,2.0503873713314533
0.1106,2.074910847004503,0.1106,2.0465152435936034
0.1108,2.073620137758553,0.1108,2.0465152435936034
0.111,2.0697480100207031,0.111,2.0529687898233533
0.1112,2.072329428512603,0.1112,2.0426431158557534
0.1114,2.074910847004503,0.1114,2.0516780805774033
0.1116,2.072329428512603,0.1116,2.0542594990693033
0.1118,2.072329428512603,0.1118,2.0490966620855033
0.112,2.073620137758553,0.112,2.0503873713314533
0.1122,2.074910847004503,0.1122,2.0490966620855033
0.1124,2.073620137758553,0.1124,2.0516780805774033
0.1126,2.0710387192666531,0.1126,2.0503873713314533
0.1128,2.076201556250453,0.1128,2.0516780805774033
0.113,2.073620137758553,0.113,2.0490966620855033
0.1132,2.073620137758553,0.1132,2.0503873713314533
0.1134,2.073620137758553,0.1134,2.0439338251017034
0.1136,2.072329428512603,0.1136,2.0465152435936034
0.1138,2.0697480100207031,0.1138,2.0452245343476534
0.114,2.073620137758553,0.114,2.0387709881179035
0.1142,2.0684573007747531,0.1142,2.0452245343476534
0.1144,2.0710387192666531,0.1144,2.0478059528395534
0.1146,2.0632944637909532,0.1146,2.0478059528395534
0.1148,2.0658758822828531,0.1148,2.0478059528395534
0.115,2.0697480100207031,0.115,2.0400616973638535
0.1152,2.0645851730369031,0.1152,2.0400616973638535
0.1154,2.0645851730369031,0.1154,2.0387709881179035
0.1156,2.0645851730369031,0.1156,2.0361895696260035
0.1158,2.0632944637909532,0.1158,2.0452245343476534
0.116,2.0645851730369031,0.116,2.0452245343476534
0.1162,2.0620037545450032,0.1162,2.0348988603800535
0.1164,2.0555502083152533,0.1164,2.0336081511341035
0.1166,2.0594223360531032,0.1166,2.0336081511341035
0.1168,2.0555502083152533,0.1168,2.0297360233962536
0.117,2.0581316268071532,0.117,2.0310267326422036
0.1172,2.0542594990693033,0.1172,2.0361895696260035
0.1174,2.0529687898233533,0.1174,2.0310267326422036
0.1176,2.0503873713314533,0.1176,2.0271546049043536
0.1178,2.0490966620855033,0.1178,2.0284453141503036
0.118,2.0478059528395534,0.118,2.0194103494286537
0.1182,2.0478059528395534,0.1182,2.0284453141503036
0.1184,2.0478059528395534,0.1184,2.0245731864124537
0.1186,2.0439338251017034,0.1186,2.0219917679205537
0.1188,2.0478059528395534,0.1188,2.0207010586746037
0.119,2.0452245343476534,0.119,2.0194103494286537
0.1192,2.0426431158557534,0.1192,2.0155382216908038
0.1194,2.0452245343476534,0.1194,2.0194103494286537
0.1196,2.0439338251017034,0.1196,2.0194103494286537
0.1198,2.0439338251017034,0.1198,2.0168289309367537
0.12,2.0336081511341035,0.12,2.0155382216908038
0.1202,2.0400616973638535,0.1202,2.0129568031989038
0.1204,2.0374802788719535,0.1204,2.0168289309367537
0.1206,2.0400616973638535,0.1206,2.0142475124448538
0.1208,2.0400616973638535,0.1208,2.0155382216908038
0.121,2.0336081511341035,0.121,2.0155382216908038
0.1212,2.0361895696260035,0.1212,2.0155382216908038
0.1214,2.0387709881179035,0.1214,2.0168289309367537
0.1216,2.0336081511341035,0.1216,2.0168289309367537
0.1218,2.0374802788719535,0.1218,2.0103753847070038
0.122,2.0413524066098034,0.122,2.0142475124448538
0.1222,2.0400616973638535,0.1222,2.0155382216908038
0.1224,2.0413524066098034,0.1224,2.0103753847070038
0.1226,2.0387709881179035,0.1226,2.0129568031989038
0.1228,2.0387709881179035,0.1228,2.0142475124448538
0.123,2.0387709881179035,0.123,2.0090846754610538
0.1232,2.0336081511341035,0.1232,2.0142475124448538
0.1234,2.0400616973638535,0.1234,2.0194103494286537
0.1236,2.0400616973638535,0.1236,2.0219917679205537
0.1238,2.0413524066098034,0.1238,2.0181196401827037
0.124,2.0426431158557534,0.124,2.0155382216908038
0.1242,2.0426431158557534,0.1242,2.0207010586746037
0.1244,2.0426431158557534,0.1244,2.0194103494286537
0.1246,2.0439338251017034,0.1246,2.0207010586746037
0.1248,2.0478059528395534,0.1248,2.0181196401827037
0.125,2.0452245343476534,0.125,2.0219917679205537
0.1252,2.0465152435936034,0.1252,2.0194103494286537
0.1254,2.0490966620855033,0.1254,2.0271546049043536
0.1256,2.0478059528395534,0.1256,2.0271546049043536
0.1258,2.0465152435936034,0.1258,2.0219917679205537
0.126,2.0490966620855033,0.126,2.0284453141503036
0.1262,2.0529687898233533,0.1262,2.0323174418881536
0.1264,2.0529687898233533,0.1264,2.0258638956584036
0.1266,2.0542594990693033,0.1266,2.0336081511341035
0.1268,2.0529687898233533,0.1268,2.0323174418881536
0.127,2.0542594990693033,0.127,2.0323174418881536
0.1272,2.0620037545450032,0.1272,2.0310267326422036
0.1274,2.0620037545450032,0.1274,2.0387709881179035
0.1276,2.0568409175612032,0.1276,2.0336081511341035
0.1278,2.0620037545450032,0.1278,2.0387709881179035
0.128,2.0568409175612032,0.128,2.0374802788719535
0.1282,2.0620037545450032,0.1282,2.0413524066098034
0.1284,2.0620037545450032,0.1284,2.0452245343476534
0.1286,2.0632944637909532,0.1286,2.0452245343476534
0.1288,2.0684573007747531,0.1288,2.0426431158557534
0.129,2.0684573007747531,0.129,2.0426431158557534
0.1292,2.0710387192666531,0.1292,2.0452245343476534
0.1294,2.0658758822828531,0.1294,2.0426431158557534
0.1296,2.0710387192666531,0.1296,2.0426431158557534
0.1298,2.0684573007747531,0.1298,2.0478059528395534
0.13,2.073620137758553,0.13,2.0516780805774033
0.1302,2.076201556250453,0.1302,2.0490966620855033
0.1304,2.0684573007747531,0.1304,2.0465152435936034
0.1306,2.0710387192666531,0.1306,2.0465152435936034
0.1308,2.072329428512603,0.1308,2.0426431158557534
0.131,2.0710387192666531,0.131,2.0452245343476534
0.1312,2.072329428512603,0.1312,2.0465152435936034
0.1314,2.072329428512603,0.1314,2.0439338251017034
0.1316,2.0684573007747531,0.1316,2.0490966620855033
0.1318,2.074910847004503,0.1318,2.0465152435936034
0.132,2.072329428512603,0.132,2.0490966620855033
0.1322,2.074910847004503,0.1322,2.0516780805774033
0.1324,2.0710387192666531,0.1324,2.0529687898233533
0.1326,2.074910847004503,0.1326,2.0439338251017034
0.1328,2.073620137758553,0.1328,2.0478059528395534
0.133,2.073620137758553,0.133,2.0542594990693033
0.1332,2.073620137758553,0.1332,2.0490966620855033
0.1334,2.0697480100207031,0.1334,2.0478059528395534
0.1336,2.072329428512603,0.1336,2.0465152435936034
0.1338,2.072329428512603,0.1338,2.0465152435936034
0.134,2.0697480100207031,0.134,2.0439338251017034
0.1342,2.0671665915288031,0.1342,2.0374802788719535
0.1344,2.0645851730369031,0.1344,2.0490966620855033
0.1346,2.0645851730369031,0.1346,2.0426431158557534
0.1348,2.0658758822828531,0.1348,2.0426431158557534
0.135,2.0620037545450032,0.135,2.0413524066098034
0.1352,2.0632944637909532,0.1352,2.0413524066098034
0.1354,2.0645851730369031,0.1354,2.0374802788719535
0.1356,2.0607130452990532,0.1356,2.0413524066098034
0.1358,2.0607130452990532,0.1358,2.0361895696260035
0.136,2.0620037545450032,0.136,2.0348988603800535
0.1362,2.0620037545450032,0.1362,2.0439338251017034
0.1364,2.0632944637909532,0.1364,2.0323174418881536
0.1366,2.0555502083152533,0.1366,2.0310267326422036
0.1368,2.0568409175612032,0.1368,2.0310267326422036
0.137,2.0542594990693033,0.137,2.0361895696260035
0.1372,2.0581316268071532,0.1372,2.0284453141503036
0.1374,2.0516780805774033,0.1374,2.0310267326422036
0.1376,2.0516780805774033,0.1376,2.0284453141503036
0.1378,2.0503873713314533,0.1378,2.0232824771665037
0.138,2.0490966620855033,0.138,2.0258638956584036
0.1382,2.0490966620855033,0.1382,2.0219917679205537
0.1384,2.0465152435936034,0.1384,2.0258638956584036
0.1386,2.0490966620855033,0.1386,2.0194103494286537
0.1388,2.0439338251017034,0.1388,2.0258638956584036
0.139,2.0452245343476534,0.139,2.0194103494286537
0.1392,2.0439338251017034,0.1392,2.0232824771665037
0.1394,2.0439338251017034,0.1394,2.0181196401827037
0.1396,2.0387709881179035,0.1396,2.0194103494286537
0.1398,2.0439338251017034,0.1398,2.0116660939529538
0.14,2.0413524066098034,0.14,2.0207010586746037
0.1402,2.0387709881179035,0.1402,2.0155382216908038
0.1404,2.0387709881179035,0.1404,2.0129568031989038
0.1406,2.0400616973638535,0.1406,2.0129568031989038
0.1408,2.0387709881179035,0.1408,2.0168289309367537
0.141,2.0426431158557534,0.141,2.0103753847070038
0.1412,2.0413524066098034,0.1412,2.0155382216908038
0.1414,2.0413524066098034,0.1414,2.0181196401827037
0.1416,2.0348988603800535,0.1416,2.0155382216908038
0.1418,2.0374802788719535,0.1418,2.0142475124448538
0.142,2.0361895696260035,0.142,2.0168289309367537
0.1422,2.0387709881179035,0.1422,2.0129568031989038
0.1424,2.0348988603800535,0.1424,2.0103753847070038
0.1426,2.0361895696260035,0.1426,2.0181196401827037
0.1428,2.0348988603800535,0.1428,2.0181196401827037
0.143,2.0348988603800535,0.143,2.0103753847070038
0.1432,2.0361895696260035,0.1432,2.0155382216908038
0.1434,2.0348988603800535,0.1434,2.0142475124448538
0.1436,2.0400616973638535,0.1436,2.0168289309367537
0.1438,2.0387709881179035,0.1438,2.0194103494286537
0.144,2.0426431158557534,0.144,2.0168289309367537
0.1442,2.0413524066098034,0.1442,2.0232824771665037
0.1444,2.0413524066098034,0.1444,2.0207010586746037
0.1446,2.0426431158557534,0.1446,2.0232824771665037
0.1448,2.0426431158557534,0.1448,2.0245731864124537
0.145,2.0465152435936034,0.145,2.0219917679205537
0.1452,2.0452245343476534,0.1452,2.0258638956584036
0.1454,2.0452245343476534,0.1454,2.0232824771665037
0.1456,2.0452245343476534,0.1456,2.0245731864124537
0.1458,2.0503873713314533,0.1458,2.0245731864124537
0.146,2.0478059528395534,0.146,2.0219917679205537
0.1462,2.0516780805774033,0.1462,2.0232824771665037
0.1464,2.0503873713314533,0.1464,2.0374802788719535
0.1466,2.0516780805774033,0.1466,2.0297360233962536
0.1468,2.0529687898233533,0.1468,2.0323174418881536
0.147,2.0594223360531032,0.147,2.0271546049043536
0.1472,2.0555502083152533,0.1472,2.0297360233962536
0.1474,2.0594223360531032,0.1474,2.0374802788719535
0.1476,2.0594223360531032,0.1476,2.0400616973638535
0.1478,2.0645851730369031,0.1478,2.0374802788719535
0.148,2.0620037545450032,0.148,2.0387709881179035
0.1482,2.0594223360531032,0.1482,2.0374802788719535
0.1484,2.0658758822828531,0.1484,2.0465152435936034
0.1486,2.0620037545450032,0.1486,2.0400616973638535
0.1488,2.0671665915288031,0.1488,2.0413524066098034
0.149,2.0684573007747531,0.149,2.0426431158557534
0.1492,2.0684573007747531,0.1492,2.0452245343476534
0.1494,2.072329428512603,0.1494,2.0452245343476534
0.1496,2.0684573007747531,0.1496,2.0413524066098034
0.1498,2.0697480100207031,0.1498,2.0503873713314533
0.15,2.0697480100207031,0.15,2.0465152435936034
0.1502,2.0697480100207031,0.1502,2.0478059528395534
0.1504,2.0710387192666531,0.1504,2.0465152435936034
0.1506,2.074910847004503,0.1506,2.0490966620855033
0.1508,2.074910847004503,0.1508,2.0516780805774033
0.151,2.072329428512603,0.151,2.0465152435936034
0.1512,2.072329428512603,0.1512,2.0503873713314533
0.1514,2.072329428512603,0.1514,2.0490966620855033
0.1516,2.072329428512603,0.1516,2.0439338251017034
0.1518,2.073620137758553,0.1518,2.0503873713314533
0.152,2.072329428512603,0.152,2.0490966620855033
0.1522,2.072329428512603,0.1522,2.0516780805774033
0.1524,2.072329428512603,0.1524,2.0516780805774033
0.1526,2.076201556250453,0.1526,2.0503873713314533
0.1528,2.073620137758553,0.1528,2.0490966620855033
0.153,2.0697480100207031,0.153,2.0542594990693033
0.1532,2.072329428512603,0.1532,2.0490966620855033
0.1534,2.072329428512603,0.1534,2.0439338251017034
0.1536,2.072329428512603,0.1536,2.0503873713314533
0.1538,2.0710387192666531,0.1538,2.0490966620855033
0.154,2.0684573007747531,0.154,2.0465152435936034
0.1542,2.0684573007747531,0.1542,2.0452245343476534
0.1544,2.0658758822828531,0.1544,2.0452245343476534
0.1546,2.0645851730369031,0.1546,2.0400616973638535
0.1548,2.0658758822828531,0.1548,2.0426431158557534
0.155,2.0632944637909532,0.155,2.0465152435936034
0.1552,2.0620037545450032,0.1552,2.0413524066098034
0.1554,2.0645851730369031,0.1554,2.0439338251017034
0.1556,2.0645851730369031,0.1556,2.0413524066098034
0.1558,2.0620037545450032,0.1558,2.0361895696260035
0.156,2.0671665915288031,0.156,2.0400616973638535
0.1562,2.0632944637909532,0.1562,2.0387709881179035
0.1564,2.0607130452990532,0.1564,2.0323174418881536
0.1566,2.0581316268071532,0.1566,2.0361895696260035
0.1568,2.0555502083152533,0.1568,2.0219917679205537
0.157,2.0516780805774033,0.157,2.0284453141503036
0.1572,2.0594223360531032,0.1572,2.0336081511341035
0.1574,2.0555502083152533,0.1574,2.0245731864124537
0.1576,2.0529687898233533,0.1576,2.0271546049043536
0.1578,2.0490966620855033,0.1578,2.0271546049043536
0.158,2.0490966620855033,0.158,2.0219917679205537
0.1582,2.0452245343476534,0.1582,2.0232824771665037
0.1584,2.0478059528395534,0.1584,2.0258638956584036
0.1586,2.0490966620855033,0.1586,2.0219917679205537
0.1588,2.0452245343476534,0.1588,2.0181196401827037
0.159,2.0478059528395534,0.159,2.0207010586746037
0.1592,2.0426431158557534,0.1592,2.0207010586746037
0.1594,2.0465152435936034,0.1594,2.0219917679205537
0.1596,2.0426431158557534,0.1596,2.0181196401827037
0.1598,2.0348988603800535,0.1598,2.0181196401827037
0.16,2.0361895696260035,0.16,2.0168289309367537
0.1602,2.0400616973638535,0.1602,2.0181196401827037
0.1604,2.0413524066098034,0.1604,2.0155382216908038
0.1606,2.0400616973638535,0.1606,2.0142475124448538
0.1608,2.0374802788719535,0.1608,2.0142475124448538
0.161,2.0348988603800535,0.161,2.0116660939529538
0.1612,2.0387709881179035,0.1612,2.0181196401827037
0.1614,2.0374802788719535,0.1614,2.0142475124448538
0.1616,2.0374802788719535,0.1616,2.0129568031989038
0.1618,2.0361895696260035,0.1618,2.0155382216908038
0.162,2.0361895696260035,0.162,2.0181196401827037
0.1622,2.0374802788719535,0.1622,2.0194103494286537
0.1624,2.0374802788719535,0.1624,2.0142475124448538
0.1626,2.0374802788719535,0.1626,2.0142475124448538
0.1628,2.0336081511341035,0.1628,2.0142475124448538
0.163,2.0336081511341035,0.163,2.0129568031989038
0.1632,2.0400616973638535,0.1632,2.0103753847070038
0.1634,2.0400616973638535,0.1634,2.0181196401827037
0.1636,2.0374802788719535,0.1636,2.0116660939529538
0.1638,2.0413524066098034,0.1638,2.0129568031989038
0.164,2.0387709881179035,0.164,2.0194103494286537
0.1642,2.0400616973638535,0.1642,2.0168289309367537
0.1644,2.0439338251017034,0.1644,2.0194103494286537
0.1646,2.0439338251017034,0.1646,2.0232824771665037
0.1648,2.0465152435936034,0.1648,2.0258638956584036
0.165,2.0452245343476534,0.165,2.0258638956584036
0.1652,2.0426431158557534,0.1652,2.0232824771665037
0.1654,2.0452245343476534,0.1654,2.0258638956584036
0.1656,2.0529687898233533,0.1656,2.0245731864124537
0.1658,2.0478059528395534,0.1658,2.0219917679205537
0.166,2.0465152435936034,0.166,2.0284453141503036
0.1662,2.0503873713314533,0.1662,2.0271546049043536
0.1664,2.0503873713314533,0.1664,2.0297360233962536
0.1666,2.0503873713314533,0.1666,2.0323174418881536
0.1668,2.0529687898233533,0.1668,2.0387709881179035
0.167,2.0555502083152533,0.167,2.0361895696260035
0.1672,2.0555502083152533,0.1672,2.0297360233962536
0.1674,2.0555502083152533,0.1674,2.0374802788719535
0.1676,2.0568409175612032,0.1676,2.0348988603800535
0.1678,2.0607130452990532,0.1678,2.0387709881179035
0.168,2.0658758822828531,0.168,2.0400616973638535
0.1682,2.0632944637909532,0.1682,2.0426431158557534
0.1684,2.0607130452990532,0.1684,2.0426431158557534
0.1686,2.0671665915288031,0.1686,2.0452245343476534
0.1688,2.0607130452990532,0.1688,2.0439338251017034
0.169,2.0658758822828531,0.169,2.0452245343476534
0.1692,2.0671665915288031,0.1692,2.0426431158557534
0.1694,2.0658758822828531,0.1694,2.0452245343476534
0.1696,2.0710387192666531,0.1696,2.0516780805774033
0.1698,2.0697480100207031,0.1698,2.0490966620855033
0.17,2.0684573007747531,0.17,2.0503873713314533
0.1702,2.072329428512603,0.1702,2.0516780805774033
0.1704,2.0697480100207031,0.1704,2.0503873713314533
0.1706,2.072329428512603,0.1706,2.0490966620855033
0.1708,2.0697480100207031,0.1708,2.0542594990693033
0.171,2.072329428512603,0.171,2.0555502083152533
0.1712,2.0697480100207031,0.1712,2.0478059528395534
0.1714,2.0710387192666531,0.1714,2.0490966620855033
0.1716,2.072329428512603,0.1716,2.0529687898233533
0.1718,2.0697480100207031,0.1718,2.0542594990693033
0.172,2.0710387192666531,0.172,2.0503873713314533
0.1722,2.0710387192666531,0.1722,2.0503873713314533
0.1724,2.073620137758553,0.1724,2.0555502083152533
0.1726,2.073620137758553,0.1726,2.0516780805774033
0.1728,2.074910847004503,0.1728,2.0478059528395534
0.173,2.072329428512603,0.173,2.0516780805774033
0.1732,2.072329428512603,0.1732,2.0529687898233533
0.1734,2.074910847004503,0.1734,2.0529687898233533
0.1736,2.0710387192666531,0.1736,2.0490966620855033
0.1738,2.0710387192666531,0.1738,2.0478059528395534
0.174,2.0697480100207031,0.174,2.0439338251017034
0.1742,2.0684573007747531,0.1742,2.0452245343476534
0.1744,2.0645851730369031,0.1744,2.0465152435936034
0.1746,2.0645851730369031,0.1746,2.0387709881179035
0.1748,2.0658758822828531,0.1748,2.0439338251017034
0.175,2.0697480100207031,0.175,2.0387709881179035
0.1752,2.0632944637909532,0.1752,2.0426431158557534
0.1754,2.0632944637909532,0.1754,2.0387709881179035
0.1756,2.0632944637909532,0.1756,2.0387709881179035
0.1758,2.0607130452990532,0.1758,2.0374802788719535
0.176,2.0620037545450032,0.176,2.0387709881179035
0.1762,2.0594223360531032,0.1762,2.0400616973638535
0.1764,2.0581316268071532,0.1764,2.0374802788719535
0.1766,2.0555502083152533,0.1766,2.0348988603800535
0.1768,2.0542594990693033,0.1768,2.0284453141503036
0.177,2.0542594990693033,0.177,2.0297360233962536
0.1772,2.0555502083152533,0.1772,2.0297360233962536
0.1774,2.0529687898233533,0.1774,2.0258638956584036
0.1776,2.0503873713314533,0.1776,2.0219917679205537
0.1778,2.0555502083152533,0.1778,2.0232824771665037
0.178,2.0516780805774033,0.178,2.0258638956584036
0.1782,2.0465152435936034,0.1782,2.0258638956584036
0.1784,2.0478059528395534,0.1784,2.0258638956584036
0.1786,2.0439338251017034,0.1786,2.0271546049043536
0.1788,2.0465152435936034,0.1788,2.0232824771665037
0.179,2.0374802788719535,0.179,2.0271546049043536
0.1792,2.0426431158557534,0.1792,2.0232824771665037
0.1794,2.0452245343476534,0.1794,2.0232824771665037
0.1796,2.0439338251017034,0.1796,2.0194103494286537
0.1798,2.0426431158557534,0.1798,2.0194103494286537
0.18,2.0413524066098034,0.18,2.0168289309367537
0.1802,2.0400616973638535,0.1802,2.0129568031989038
0.1804,2.0374802788719535,0.1804,2.0155382216908038
0.1806,2.0374802788719535,0.1806,2.0194103494286537
0.1808,2.0413524066098034,0.1808,2.0181196401827037
0.181,2.0387709881179035,0.181,2.0168289309367537
0.1812,2.0387709881179035,0.1812,2.0207010586746037
0.1814,2.0348988603800535,0.1814,2.0155382216908038
0.1816,2.0361895696260035,0.1816,2.0155382216908038
0.1818,2.0361895696260035,0.1818,2.0116660939529538
0.182,2.0361895696260035,0.182,2.0129568031989038
0.1822,2.0348988603800535,0.1822,2.0207010586746037
0.1824,2.0336081511341035,0.1824,2.0155382216908038
0.1826,2.0400616973638535,0.1826,2.0142475124448538
0.1828,2.0400616973638535,0.1828,2.0142475124448538
0.183,2.0361895696260035,0.183,2.0181196401827037
0.1832,2.0374802788719535,0.1832,2.0142475124448538
0.1834,2.0348988603800535,0.1834,2.0194103494286537
0.1836,2.0374802788719535,0.1836,2.0207010586746037
0.1838,2.0374802788719535,0.1838,2.0181196401827037
0.184,2.0439338251017034,0.184,2.0194103494286537
0.1842,2.0374802788719535,0.1842,2.0219917679205537
0.1844,2.0426431158557534,0.1844,2.0232824771665037
0.1846,2.0465152435936034,0.1846,2.0232824771665037
0.1848,2.0439338251017034,0.1848,2.0245731864124537
0.185,2.0413524066098034,0.185,2.0219917679205537
0.1852,2.0478059528395534,0.1852,2.0258638956584036
0.1854,2.0439338251017034,0.1854,2.0219917679205537
0.1856,2.0503873713314533,0.1856,2.0219917679205537
0.1858,2.0503873713314533,0.1858,2.0284453141503036
0.186,2.0478059528395534,0.186,2.0271546049043536
0.1862,2.0465152435936034,0.1862,2.0271546049043536
0.1864,2.0478059528395534,0.1864,2.0323174418881536
0.1866,2.0542594990693033,0.1866,2.0271546049043536
0.1868,2.0581316268071532,0.1868,2.0323174418881536
0.187,2.0555502083152533,0.187,2.0297360233962536
0.1872,2.0529687898233533,0.1872,2.0323174418881536
0.1874,2.0581316268071532,0.1874,2.0413524066098034
0.1876,2.0594223360531032,0.1876,2.0348988603800535
0.1878,2.0581316268071532,0.1878,2.0361895696260035
0.188,2.0645851730369031,0.188,2.0374802788719535
0.1882,2.0620037545450032,0.1882,2.0400616973638535
0.1884,2.0632944637909532,0.1884,2.0413524066098034
0.1886,2.0594223360531032,0.1886,2.0426431158557534
0.1888,2.0645851730369031,0.1888,2.0452245343476534
0.189,2.0658758822828531,0.189,2.0452245343476534
0.1892,2.0671665915288031,0.1892,2.0490966620855033
0.1894,2.0697480100207031,0.1894,2.0465152435936034
0.1896,2.0671665915288031,0.1896,2.0465152435936034
0.1898,2.0697480100207031,0.1898,2.0516780805774033
0.19,2.0710387192666531,0.19,2.0478059528395534
0.1902,2.073620137758553,0.1902,2.0542594990693033
0.1904,2.0684573007747531,0.1904,2.0503873713314533
0.1906,2.0684573007747531,0.1906,2.0478059528395534
0.1908,2.074910847004503,0.1908,2.0490966620855033
0.191,2.0710387192666531,0.191,2.0478059528395534
0.1912,2.072329428512603,0.1912,2.0490966620855033
0.1914,2.076201556250453,0.1914,2.0503873713314533
0.1916,2.0710387192666531,0.1916,2.0490966620855033
0.1918,2.076201556250453,0.1918,2.0490966620855033
0.192,2.0710387192666531,0.192,2.0516780805774033
0.1922,2.072329428512603,0.1922,2.0542594990693033
0.1924,2.076201556250453,0.1924,2.0516780805774033
0.1926,2.074910847004503,0.1926,2.0503873713314533
0.1928,2.073620137758553,0.1928,2.0516780805774033
0.193,2.074910847004503,0.193,2.0529687898233533
0.1932,2.072329428512603,0.1932,2.0490966620855033
0.1934,2.0697480100207031,0.1934,2.0516780805774033
0.1936,2.072329428512603,0.1936,2.0503873713314533
0.1938,2.0697480100207031,0.1938,2.0452245343476534
0.194,2.0710387192666531,0.194,2.0478059528395534
0.1942,2.0710387192666531,0.1942,2.0426431158557534
0.1944,2.0671665915288031,0.1944,2.0465152435936034
0.1946,2.0620037545450032,0.1946,2.0478059528395534
0.1948,2.0697480100207031,0.1948,2.0452245343476534
0.195,2.0645851730369031,0.195,2.0465152435936034
0.1952,2.0658758822828531,0.1952,2.0400616973638535
0.1954,2.0645851730369031,0.1954,2.0426431158557534
0.1956,2.0671665915288031,0.1956,2.0426431158557534
0.1958,2.0632944637909532,0.1958,2.0426431158557534
0.196,2.0620037545450032,0.196,2.0387709881179035
0.1962,2.0581316268071532,0.1962,2.0336081511341035
0.1964,2.0607130452990532,0.1964,2.0323174418881536
0.1966,2.0594223360531032,0.1966,2.0310267326422036
0.1968,2.0568409175612032,0.1968,2.0297360233962536
0.197,2.0542594990693033,0.197,2.0348988603800535
0.1972,2.0568409175612032,0.1972,2.0310267326422036
0.1974,2.0478059528395534,0.1974,2.0271546049043536
0.1976,2.0503873713314533,0.1976,2.0258638956584036
0.1978,2.0516780805774033,0.1978,2.0232824771665037
0.198,2.0490966620855033,0.198,2.0245731864124537
0.1982,2.0516780805774033,0.1982,2.0258638956584036
0.1984,2.0465152435936034,0.1984,2.0245731864124537
0.1986,2.0465152435936034,0.1986,2.0168289309367537
0.1988,2.0452245343476534,0.1988,2.0181196401827037
0.199,2.0439338251017034,0.199,2.0181196401827037
0.1992,2.0413524066098034,0.1992,2.0219917679205537
0.1994,2.0413524066098034,0.1994,2.0181196401827037
0.1996,2.0413524066098034,0.1996,2.0194103494286537
0.1998,2.0426431158557534,0.1998,2.0232824771665037
0.2,2.0387709881179035,0.2,2.0168289309367537
0.2002,2.0374802788719535,0.2002,2.0181196401827037
0.2004,2.0387709881179035,0.2004,2.0155382216908038
0.2006,2.0374802788719535,0.2006,2.0129568031989038
0.2008,2.0413524066098034,0.2008,2.0181196401827037
0.201,2.0426431158557534,0.201,2.0116660939529538
0.2012,2.0400616973638535,0.2012,2.0116660939529538
0.2014,2.0400616973638535,0.2014,2.0168289309367537
0.2016,2.0374802788719535,0.2016,2.0116660939529538
0.2018,2.0387709881179035,0.2018,2.0103753847070038
0.202,2.0336081511341035,0.202,2.0142475124448538
0.2022,2.0413524066098034,0.2022,2.0129568031989038
0.2024,2.0361895696260035,0.2024,2.0155382216908038
0.2026,2.0387709881179035,0.2026,2.0155382216908038
0.2028,2.0413524066098034,0.2028,2.0090846754610538
0.203,2.0374802788719535,0.203,2.0181196401827037
0.2032,2.0348988603800535,0.2032,2.0155382216908038
0.2034,2.0374802788719535,0.2034,2.0181196401827037
0.2036,2.0361895696260035,0.2036,2.0129568031989038
0.2038,2.0387709881179035,0.2038,2.0181196401827037
0.204,2.0465152435936034,0.204,2.0168289309367537
0.2042,2.0426431158557534,0.2042,2.0219917679205537
0.2044,2.0413524066098034,0.2044,2.0207010586746037
0.2046,2.0400616973638535,0.2046,2.0258638956584036
0.2048,2.0426431158557534,0.2048,2.0219917679205537
0.205,2.0426431158557534,0.205,2.0219917679205537
0.2052,2.0452245343476534,0.2052,2.0207010586746037
0.2054,2.0439338251017034,0.2054,2.0232824771665037
0.2056,2.0516780805774033,0.2056,2.0258638956584036
0.2058,2.0465152435936034,0.2058,2.0297360233962536
0.206,2.0503873713314533,0.206,2.0310267326422036
0.2062,2.0516780805774033,0.2062,2.0361895696260035
0.2064,2.0529687898233533,0.2064,2.0284453141503036
0.2066,2.0529687898233533,0.2066,2.0323174418881536
0.2068,2.0542594990693033,0.2068,2.0336081511341035
0.207,2.0529687898233533,0.207,2.0348988603800535
0.2072,2.0568409175612032,0.2072,2.0336081511341035
0.2074,2.0581316268071532,0.2074,2.0348988603800535
0.2076,2.0594223360531032,0.2076,2.0361895696260035
0.2078,2.0568409175612032,0.2078,2.0387709881179035
0.208,2.0594223360531032,0.208,2.0400616973638535
0.2082,2.0645851730369031,0.2082,2.0374802788719535
0.2084,2.0581316268071532,0.2084,2.0439338251017034
0.2086,2.0645851730369031,0.2086,2.0413524066098034
0.2088,2.0632944637909532,0.2088,2.0413524066098034
0.209,2.0658758822828531,0.209,2.0426431158557534
0.2092,2.0684573007747531,0.2092,2.0452245343476534
0.2094,2.0697480100207031,0.2094,2.0465152435936034
0.2096,2.0671665915288031,0.2096,2.0478059528395534
0.2098,2.0684573007747531,0.2098,2.0465152435936034
0.21,2.0710387192666531,0.21,2.0478059528395534
0.2102,2.072329428512603,0.2102,2.0503873713314533
0.2104,2.072329428512603,0.2104,2.0490966620855033
0.2106,2.0697480100207031,0.2106,2.0503873713314533
0.2108,2.0710387192666531,0.2108,2.0452245343476534
0.211,2.072329428512603,0.211,2.0478059528395534
0.2112,2.073620137758553,0.2112,2.0503873713314533
0.2114,2.073620137758553,0.2114,2.0452245343476534
0.2116,2.073620137758553,0.2116,2.0490966620855033
0.2118,2.073620137758553,0.2118,2.0503873713314533
0.212,2.072329428512603,0.212,2.0516780805774033
0.2122,2.072329428512603,0.2122,2.0503873713314533
0.2124,2.0710387192666531,0.2124,2.0465152435936034
0.2126,2.073620137758553,0.2126,2.0452245343476534
0.2128,2.074910847004503,0.2128,2.0490966620855033
0.213,2.073620137758553,0.213,2.0503873713314533
0.2132,2.072329428512603,0.2132,2.0516780805774033
0.2134,2.0710387192666531,0.2134,2.0452245343476534
0.2136,2.072329428512603,0.2136,2.0490966620855033
0.2138,2.073620137758553,0.2138,2.0490966620855033
0.214,2.072329428512603,0.214,2.0478059528395534
0.2142,2.0658758822828531,0.2142,2.0465152435936034
0.2144,2.0684573007747531,0.2144,2.0426431158557534
0.2146,2.0645851730369031,0.2146,2.0465152435936034
0.2148,2.0658758822828531,0.2148,2.0478059528395534
0.215,2.0658758822828531,0.215,2.0400616973638535
0.2152,2.0645851730369031,0.2152,2.0478059528395534
0.2154,2.0607130452990532,0.2154,2.0400616973638535
0.2156,2.0632944637909532,0.2156,2.0387709881179035
0.2158,2.0607130452990532,0.2158,2.0361895696260035
0.216,2.0620037545450032,0.216,2.0387709881179035
0.2162,2.0594223360531032,0.2162,2.0361895696260035
0.2164,2.0594223360531032,0.2164,2.0323174418881536
0.2166,2.0529687898233533,0.2166,2.0348988603800535
0.2168,2.0529687898233533,0.2168,2.0323174418881536
0.217,2.0542594990693033,0.217,2.0310267326422036
0.2172,2.0503873713314533,0.2172,2.0297360233962536
0.2174,2.0516780805774033,0.2174,2.0310267326422036
0.2176,2.0568409175612032,0.2176,2.0258638956584036
0.2178,2.0452245343476534,0.2178,2.0258638956584036
0.218,2.0490966620855033,0.218,2.0232824771665037
0.2182,2.0490966620855033,0.2182,2.0271546049043536
0.2184,2.0490966620855033,0.2184,2.0258638956584036
0.2186,2.0439338251017034,0.2186,2.0194103494286537
0.2188,2.0465152435936034,0.2188,2.0232824771665037
0.219,2.0452245343476534,0.219,2.0155382216908038
0.2192,2.0465152435936034,0.2192,2.0168289309367537
0.2194,2.0452245343476534,0.2194,2.0168289309367537
0.2196,2.0439338251017034,0.2196,2.0207010586746037
0.2198,2.0400616973638535,0.2198,2.0207010586746037
0.22,2.0452245343476534,0.22,2.0194103494286537
0.2202,2.0413524066098034,0.2202,2.0116660939529538
0.2204,2.0387709881179035,0.2204,2.0181196401827037
0.2206,2.0374802788719535,0.2206,2.0194103494286537
0.2208,2.0374802788719535,0.2208,2.0129568031989038
0.221,2.0374802788719535,0.221,2.0103753847070038
0.2212,2.0348988603800535,0.2212,2.0168289309367537
0.2214,2.0413524066098034,0.2214,2.0168289309367537
0.2216,2.0361895696260035,0.2216,2.0142475124448538
0.2218,2.0387709881179035,0.2218,2.0155382216908038
0.222,2.0374802788719535,0.222,2.0155382216908038
0.2222,2.0387709881179035,0.2222,2.0142475124448538
0.2224,2.0400616973638535,0.2224,2.0142475124448538
0.2226,2.0374802788719535,0.2226,2.0142475124448538
0.2228,2.0387709881179035,0.2228,2.0142475124448538
0.223,2.0374802788719535,0.223,2.0155382216908038
0.2232,2.0400616973638535,0.2232,2.0155382216908038
0.2234,2.0413524066098034,0.2234,2.0194103494286537
0.2236,2.0374802788719535,0.2236,2.0219917679205537
0.2238,2.0413524066098034,0.2238,2.0194103494286537
0.224,2.0400616973638535,0.224,2.0168289309367537
0.2242,2.0426431158557534,0.2242,2.0194103494286537
0.2244,2.0426431158557534,0.2244,2.0181196401827037
0.2246,2.0439338251017034,0.2246,2.0219917679205537
0.2248,2.0452245343476534,0.2248,2.0258638956584036
0.225,2.0478059528395534,0.225,2.0258638956584036
0.2252,2.0413524066098034,0.2252,2.0219917679205537
0.2254,2.0452245343476534,0.2254,2.0245731864124537
0.2256,2.0465152435936034,0.2256,2.0219917679205537
0.2258,2.0478059528395534,0.2258,2.0271546049043536
0.226,2.0490966620855033,0.226,2.0297360233962536
0.2262,2.0503873713314533,0.2262,2.0258638956584036
0.2264,2.0490966620855033,0.2264,2.0336081511341035
0.2266,2.0542594990693033,0.2266,2.0387709881179035
0.2268,2.0568409175612032,0.2268,2.0310267326422036
0.227,2.0568409175612032,0.227,2.0387709881179035
0.2272,2.0607130452990532,0.2272,2.0348988603800535
0.2274,2.0529687898233533,0.2274,2.0387709881179035
0.2276,2.0581316268071532,0.2276,2.0336081511341035
0.2278,2.0594223360531032,0.2278,2.0387709881179035
0.228,2.0620037545450032,0.228,2.0374802788719535
0.2282,2.0658758822828531,0.2282,2.0374802788719535
0.2284,2.0632944637909532,0.2284,2.0374802788719535
0.2286,2.0645851730369031,0.2286,2.0413524066098034
0.2288,2.0684573007747531,0.2288,2.0400616973638535
0.229,2.0658758822828531,0.229,2.0478059528395534
0.2292,2.0697480100207031,0.2292,2.0439338251017034
0.2294,2.0710387192666531,0.2294,2.0478059528395534
0.2296,2.0671665915288031,0.2296,2.0439338251017034
0.2298,2.0671665915288031,0.2298,2.0465152435936034
0.23,2.0697480100207031,0.23,2.0529687898233533
0.2302,2.073620137758553,0.2302,2.0542594990693033
0.2304,2.073620137758553,0.2304,2.0490966620855033
0.2306,2.073620137758553,0.2306,2.0542594990693033
0.2308,2.0710387192666531,0.2308,2.0490966620855033
0.231,2.0710387192666531,0.231,2.0542594990693033
0.2312,2.074910847004503,0.2312,2.0529687898233533
0.2314,2.073620137758553,0.2314,2.0516780805774033
0.2316,2.072329428512603,0.2316,2.0503873713314533
0.2318,2.072329428512603,0.2318,2.0529687898233533
0.232,2.074910847004503,0.232,2.0529687898233533
0.2322,2.0710387192666531,0.2322,2.0503873713314533
0.2324,2.0684573007747531,0.2324,2.0503873713314533
0.2326,2.073620137758553,0.2326,2.0490966620855033
0.2328,2.0697480100207031,0.2328,2.0478059528395534
0.233,2.074910847004503,0.233,2.0529687898233533
0.2332,2.0697480100207031,0.2332,2.0529687898233533
0.2334,2.0710387192666531,0.2334,2.0503873713314533
0.2336,2.072329428512603,0.2336,2.0503873713314533
0.2338,2.0684573007747531,0.2338,2.0516780805774033
0.234,2.0684573007747531,0.234,2.0490966620855033
0.2342,2.0645851730369031,0.2342,2.0490966620855033
0.2344,2.0684573007747531,0.2344,2.0413524066098034
0.2346,2.0645851730369031,0.2346,2.0426431158557534
0.2348,2.0684573007747531,0.2348,2.0426431158557534
0.235,2.0645851730369031,0.235,2.0413524066098034
0.2352,2.0658758822828531,0.2352,2.0426431158557534
0.2354,2.0645851730369031,0.2354,2.0439338251017034
0.2356,2.0684573007747531,0.2356,2.0400616973638535
0.2358,2.0632944637909532,0.2358,2.0400616973638535
0.236,2.0620037545450032,0.236,2.0387709881179035
0.2362,2.0542594990693033,0.2362,2.0400616973638535
0.2364,2.0581316268071532,0.2364,2.0387709881179035
0.2366,2.0568409175612032,0.2366,2.0284453141503036
0.2368,2.0529687898233533,0.2368,2.0323174418881536
0.237,2.0555502083152533,0.237,2.0323174418881536
0.2372,2.0490966620855033,0.2372,2.0323174418881536
0.2374,2.0503873713314533,0.2374,2.0297360233962536
0.2376,2.0516780805774033,0.2376,2.0284453141503036
0.2378,2.0555502083152533,0.2378,2.0258638956584036
0.238,2.0478059528395534,0.238,2.0219917679205537
0.2382,2.0516780805774033,0.2382,2.0219917679205537
0.2384,2.0465152435936034,0.2384,2.0245731864124537
0.2386,2.0465152435936034,0.2386,2.0232824771665037
0.2388,2.0452245343476534,0.2388,2.0168289309367537
0.239,2.0478059528395534,0.239,2.0194103494286537
0.2392,2.0413524066098034,0.2392,2.0219917679205537
0.2394,2.0413524066098034,0.2394,2.0142475124448538
0.2396,2.0452245343476534,0.2396,2.0142475124448538
0.2398,2.0400616973638535,0.2398,2.0142475124448538
0.24,2.0374802788719535,0.24,2.0129568031989038
0.2402,2.0413524066098034,0.2402,2.0142475124448538
0.2404,2.0400616973638535,0.2404,2.0142475124448538
0.2406,2.0413524066098034,0.2406,2.0168289309367537
0.2408,2.0387709881179035,0.2408,2.0116660939529538
0.241,2.0387709881179035,0.241,2.0129568031989038
0.2412,2.0413524066098034,0.2412,2.0103753847070038
0.2414,2.0361895696260035,0.2414,2.0168289309367537
0.2416,2.0348988603800535,0.2416,2.0129568031989038
0.2418,2.0348988603800535,0.2418,2.0103753847070038
0.242,2.0387709881179035,0.242,2.0155382216908038
0.2422,2.0387709881179035,0.2422,2.0181196401827037
0.2424,2.0361895696260035,0.2424,2.0103753847070038
0.2426,2.0387709881179035,0.2426,2.0116660939529538
0.2428,2.0361895696260035,0.2428,2.0194103494286537
0.243,2.0387709881179035,0.243,2.0142475124448538
0.2432,2.0374802788719535,0.2432,2.0155382216908038
0.2434,2.0374802788719535,0.2434,2.0155382216908038
0.2436,2.0400616973638535,0.2436,2.0142475124448538
0.2438,2.0387709881179035,0.2438,2.0168289309367537
0.244,2.0426431158557534,0.244,2.0168289309367537
0.2442,2.0426431158557534,0.2442,2.0194103494286537
0.2444,2.0452245343476534,0.2444,2.0219917679205537
0.2446,2.0465152435936034,0.2446,2.0168289309367537
0.2448,2.0426431158557534,0.2448,2.0168289309367537
0.245,2.0478059528395534,0.245,2.0219917679205537
0.2452,2.0452245343476534,0.2452,2.0297360233962536
0.2454,2.0490966620855033,0.2454,2.0258638956584036
0.2456,2.0516780805774033,0.2456,2.0284453141503036
0.2458,2.0490966620855033,0.2458,2.0258638956584036
0.246,2.0516780805774033,0.246,2.0258638956584036
0.2462,2.0490966620855033,0.2462,2.0232824771665037
0.2464,2.0503873713314533,0.2464,2.0310267326422036
0.2466,2.0516780805774033,0.2466,2.0336081511341035
0.2468,2.0555502083152533,0.2468,2.0336081511341035
0.247,2.0568409175612032,0.247,2.0348988603800535
0.2472,2.0542594990693033,0.2472,2.0361895696260035
0.2474,2.0555502083152533,0.2474,2.0400616973638535
0.2476,2.0555502083152533,0.2476,2.0374802788719535
0.2478,2.0607130452990532,0.2478,2.0361895696260035
0.248,2.0620037545450032,0.248,2.0387709881179035
0.2482,2.0620037545450032,0.2482,2.0387709881179035
0.2484,2.0632944637909532,0.2484,2.0439338251017034
0.2486,2.0671665915288031,0.2486,2.0387709881179035
0.2488,2.0658758822828531,0.2488,2.0465152435936034
0.249,2.0684573007747531,0.249,2.0503873713314533
0.2492,2.0671665915288031,0.2492,2.0516780805774033
0.2494,2.0684573007747531,0.2494,2.0426431158557534
0.2496,2.0658758822828531,0.2496,2.0465152435936034
0.2498,2.0658758822828531,0.2498,2.0503873713314533
0.25,2.0658758822828531,0.25,2.0478059528395534
0.2502,2.072329428512603,0.2502,2.0439338251017034
0.2504,2.072329428512603,0.2504,2.0490966620855033
0.2506,2.076201556250453,0.2506,2.0465152435936034
0.2508,2.073620137758553,0.2508,2.0490966620855033
0.251,2.072329428512603,0.251,2.0465152435936034
0.2512,2.0684573007747531,0.2512,2.0478059528395534
0.2514,2.0684573007747531,0.2514,2.0516780805774033
0.2516,2.074910847004503,0.2516,2.0490966620855033
0.2518,2.076201556250453,0.2518,2.0503873713314533
0.252,2.072329428512603,0.252,2.0490966620855033
0.2522,2.072329428512603,0.2522,2.0490966620855033
0.2524,2.0697480100207031,0.2524,2.0503873713314533
0.2526,2.072329428512603,0.2526,2.0529687898233533
0.2528,2.074910847004503,0.2528,2.0465152435936034
0.253,2.072329428512603,0.253,2.0490966620855033
0.2532,2.076201556250453,0.2532,2.0516780805774033
0.2534,2.072329428512603,0.2534,2.0478059528395534
0.2536,2.0684573007747531,0.2536,2.0490966620855033
0.2538,2.072329428512603,0.2538,2.0478059528395534
0.254,2.072329428512603,0.254,2.0452245343476534
0.2542,2.0710387192666531,0.2542,2.0400616973638535
0.2544,2.0671665915288031,0.2544,2.0465152435936034
0.2546,2.0684573007747531,0.2546,2.0413524066098034
0.2548,2.0697480100207031,0.2548,2.0413524066098034
0.255,2.0620037545450032,0.255,2.0400616973638535
0.2552,2.0632944637909532,0.2552,2.0439338251017034
0.2554,2.0658758822828531,0.2554,2.0426431158557534
0.2556,2.0594223360531032,0.2556,2.0374802788719535
0.2558,2.0607130452990532,0.2558,2.0426431158557534
0.256,2.0620037545450032,0.256,2.0361895696260035
0.2562,2.0620037545450032,0.2562,2.0361895696260035
0.2564,2.0542594990693033,0.2564,2.0348988603800535
0.2566,2.0555502083152533,0.2566,2.0336081511341035
0.2568,2.0542594990693033,0.2568,2.0348988603800535
0.257,2.0529687898233533,0.257,2.0284453141503036
0.2572,2.0555502083152533,0.2572,2.0297360233962536
0.2574,2.0542594990693033,0.2574,2.0323174418881536
0.2576,2.0490966620855033,0.2576,2.0258638956584036
0.2578,2.0503873713314533,0.2578,2.0271546049043536
0.258,2.0516780805774033,0.258,2.0219917679205537
0.2582,2.0490966620855033,0.2582,2.0258638956584036
0.2584,2.0452245343476534,0.2584,2.0181196401827037
0.2586,2.0465152435936034,0.2586,2.0232824771665037
0.2588,2.0478059528395534,0.2588,2.0168289309367537
0.259,2.0426431158557534,0.259,2.0245731864124537
0.2592,2.0452245343476534,0.2592,2.0232824771665037
0.2594,2.0400616973638535,0.2594,2.0207010586746037
0.2596,2.0426431158557534,0.2596,2.0194103494286537
0.2598,2.0413524066098034,0.2598,2.0129568031989038
0.26,2.0361895696260035,0.26,2.0181196401827037
0.2602,2.0400616973638535,0.2602,2.0168289309367537
0.2604,2.0374802788719535,0.2604,2.0168289309367537
0.2606,2.0387709881179035,0.2606,2.0168289309367537
0.2608,2.0374802788719535,0.2608,2.0181196401827037
0.261,2.0400616973638535,0.261,2.0103753847070038
0.2612,2.0400616973638535,0.2612,2.0181196401827037
0.2614,2.0361895696260035,0.2614,2.0168289309367537
0.2616,2.0348988603800535,0.2616,2.0142475124448538
0.2618,2.0348988603800535,0.2618,2.0142475124448538
0.262,2.0336081511341035,0.262,2.0155382216908038
0.2622,2.0374802788719535,0.2622,2.0155382216908038
0.2624,2.0439338251017034,0.2624,2.0168289309367537
0.2626,2.0387709881179035,0.2626,2.0129568031989038
0.2628,2.0387709881179035,0.2628,2.0129568031989038
0.263,2.0374802788719535,0.263,2.0142475124448538
0.2632,2.0413524066098034,0.2632,2.0207010586746037
0.2634,2.0361895696260035,0.2634,2.0168289309367537
0.2636,2.0387709881179035,0.2636,2.0194103494286537
0.2638,2.0387709881179035,0.2638,2.0155382216908038
0.264,2.0374802788719535,0.264,2.0181196401827037
0.2642,2.0387709881179035,0.2642,2.0207010586746037
0.2644,2.0387709881179035,0.2644,2.0219917679205537
0.2646,2.0452245343476534,0.2646,2.0219917679205537
0.2648,2.0439338251017034,0.2648,2.0194103494286537
0.265,2.0478059528395534,0.265,2.0219917679205537
0.2652,2.0465152435936034,0.2652,2.0181196401827037
0.2654,2.0439338251017034,0.2654,2.0232824771665037
0.2656,2.0478059528395534,0.2656,2.0245731864124537
0.2658,2.0478059528395534,0.2658,2.0245731864124537
0.266,2.0516780805774033,0.266,2.0207010586746037
0.2662,2.0490966620855033,0.2662,2.0258638956584036
0.2664,2.0542594990693033,0.2664,2.0284453141503036
0.2666,2.0542594990693033,0.2666,2.0387709881179035
0.2668,2.0555502083152533,0.2668,2.0336081511341035
0.267,2.0542594990693033,0.267,2.0361895696260035
0.2672,2.0529687898233533,0.2672,2.0426431158557534
0.2674,2.0529687898233533,0.2674,2.0387709881179035
0.2676,2.0607130452990532,0.2676,2.0348988603800535
0.2678,2.0607130452990532,0.2678,2.0387709881179035
0.268,2.0568409175612032,0.268,2.0374802788719535
0.2682,2.0607130452990532,0.2682,2.0387709881179035
0.2684,2.0658758822828531,0.2684,2.0400616973638535
0.2686,2.0620037545450032,0.2686,2.0426431158557534
0.2688,2.0645851730369031,0.2688,2.0465152435936034
0.269,2.0620037545450032,0.269,2.0478059528395534
0.2692,2.0671665915288031,0.2692,2.0426431158557534
0.2694,2.0671665915288031,0.2694,2.0439338251017034
0.2696,2.0710387192666531,0.2696,2.0490966620855033
0.2698,2.0697480100207031,0.2698,2.0503873713314533
0.27,2.073620137758553,0.27,2.0516780805774033
0.2702,2.0710387192666531,0.2702,2.0490966620855033
0.2704,2.0684573007747531,0.2704,2.0478059528395534
0.2706,2.0684573007747531,0.2706,2.0490966620855033
0.2708,2.0697480100207031,0.2708,2.0490966620855033
0.271,2.073620137758553,0.271,2.0490966620855033
0.2712,2.073620137758553,0.2712,2.0490966620855033
0.2714,2.072329428512603,0.2714,2.0503873713314533
0.2716,2.0710387192666531,0.2716,2.0516780805774033
0.2718,2.078782974742353,0.2718,2.0465152435936034
0.272,2.076201556250453,0.272,2.0490966620855033
0.2722,2.074910847004503,0.2722,2.0516780805774033
0.2724,2.076201556250453,0.2724,2.0555502083152533
0.2726,2.0697480100207031,0.2726,2.0503873713314533
0.2728,2.0697480100207031,0.2728,2.0465152435936034
0.273,2.073620137758553,0.273,2.0490966620855033
0.2732,2.074910847004503,0.2732,2.0529687898233533
0.2734,2.0697480100207031,0.2734,2.0465152435936034
0.2736,2.072329428512603,0.2736,2.0452245343476534
0.2738,2.0658758822828531,0.2738,2.0490966620855033
0.274,2.0710387192666531,0.274,2.0452245343476534
0.2742,2.0671665915288031,0.2742,2.0490966620855033
0.2744,2.0658758822828531,0.2744,2.0439338251017034
0.2746,2.0645851730369031,0.2746,2.0452245343476534
0.2748,2.0620037545450032,0.2748,2.0452245343476534
0.275,2.0658758822828531,0.275,2.0413524066098034
0.2752,2.0620037545450032,0.2752,2.0426431158557534
0.2754,2.0645851730369031,0.2754,2.0387709881179035
0.2756,2.0632944637909532,0.2756,2.0387709881179035
0.2758,2.0581316268071532,0.2758,2.0361895696260035
0.276,2.0658758822828531,0.276,2.0400616973638535
0.2762,2.0568409175612032,0.2762,2.0400616973638535
0.2764,2.0607130452990532,0.2764,2.0387709881179035
0.2766,2.0568409175612032,0.2766,2.0374802788719535
0.2768,2.0542594990693033,0.2768,2.0361895696260035
0.277,2.0555502083152533,0.277,2.0336081511341035
0.2772,2.0516780805774033,0.2772,2.0323174418881536
0.2774,2.0529687898233533,0.2774,2.0284453141503036
0.2776,2.0452245343476534,0.2776,2.0284453141503036
0.2778,2.0503873713314533,0.2778,2.0258638956584036
0.278,2.0490966620855033,0.278,2.0271546049043536
0.2782,2.0516780805774033,0.2782,2.0219917679205537
0.2784,2.0465152435936034,0.2784,2.0284453141503036
0.2786,2.0465152435936034,0.2786,2.0258638956584036
0.2788,2.0465152435936034,0.2788,2.0219917679205537
0.279,2.0426431158557534,0.279,2.0155382216908038
0.2792,2.0413524066098034,0.2792,2.0232824771665037
0.2794,2.0400616973638535,0.2794,2.0194103494286537
0.2796,2.0426431158557534,0.2796,2.0258638956584036
0.2798,2.0374802788719535,0.2798,2.0232824771665037
0.28,2.0374802788719535,0.28,2.0181196401827037
0.2802,2.0400616973638535,0.2802,2.0129568031989038
0.2804,2.0387709881179035,0.2804,2.0116660939529538
0.2806,2.0400616973638535,0.2806,2.0142475124448538
0.2808,2.0387709881179035,0.2808,2.0168289309367537
0.281,2.0387709881179035,0.281,2.0155382216908038
0.2812,2.0400616973638535,0.2812,2.0181196401827037
0.2814,2.0374802788719535,0.2814,2.0155382216908038
0.2816,2.0387709881179035,0.2816,2.0194103494286537
0.2818,2.0374802788719535,0.2818,2.0155382216908038
0.282,2.0374802788719535,0.282,2.0168289309367537
0.2822,2.0348988603800535,0.2822,2.0168289309367537
0.2824,2.0361895696260035,0.2824,2.0142475124448538
0.2826,2.0374802788719535,0.2826,2.0142475124448538
0.2828,2.0400616973638535,0.2828,2.0207010586746037
0.283,2.0361895696260035,0.283,2.0142475124448538
0.2832,2.0387709881179035,0.2832,2.0194103494286537
0.2834,2.0387709881179035,0.2834,2.0155382216908038
0.2836,2.0400616973638535,0.2836,2.0194103494286537
0.2838,2.0361895696260035,0.2838,2.0142475124448538
0.284,2.0413524066098034,0.284,2.0181196401827037
0.2842,2.0400616973638535,0.2842,2.0219917679205537
0.2844,2.0465152435936034,0.2844,2.0207010586746037
0.2846,2.0413524066098034,0.2846,2.0258638956584036
0.2848,2.0439338251017034,0.2848,2.0232824771665037
0.285,2.0374802788719535,0.285,2.0245731864124537
0.2852,2.0439338251017034,0.2852,2.0194103494286537
0.2854,2.0465152435936034,0.2854,2.0219917679205537
0.2856,2.0465152435936034,0.2856,2.0284453141503036
0.2858,2.0490966620855033,0.2858,2.0232824771665037
0.286,2.0478059528395534,0.286,2.0284453141503036
0.2862,2.0503873713314533,0.2862,2.0310267326422036
0.2864,2.0490966620855033,0.2864,2.0348988603800535
0.2866,2.0542594990693033,0.2866,2.0271546049043536
0.2868,2.0568409175612032,0.2868,2.0336081511341035
0.287,2.0529687898233533,0.287,2.0297360233962536
0.2872,2.0542594990693033,0.2872,2.0361895696260035
0.2874,2.0581316268071532,0.2874,2.0361895696260035
0.2876,2.0632944637909532,0.2876,2.0336081511341035
0.2878,2.0607130452990532,0.2878,2.0400616973638535
0.288,2.0594223360531032,0.288,2.0400616973638535
0.2882,2.0607130452990532,0.2882,2.0426431158557534
0.2884,2.0658758822828531,0.2884,2.0413524066098034
0.2886,2.0645851730369031,0.2886,2.0426431158557534
0.2888,2.0697480100207031,0.2888,2.0426431158557534
0.289,2.0645851730369031,0.289,2.0452245343476534
0.2892,2.0671665915288031,0.2892,2.0465152435936034
0.2894,2.0684573007747531,0.2894,2.0426431158557534
0.2896,2.0684573007747531,0.2896,2.0426431158557534
0.2898,2.0697480100207031,0.2898,2.0516780805774033
0.29,2.076201556250453,0.29,2.0516780805774033
0.2902,2.072329428512603,0.2902,2.0503873713314533
0.2904,2.0710387192666531,0.2904,2.0465152435936034
0.2906,2.0697480100207031,0.2906,2.0542594990693033
0.2908,2.072329428512603,0.2908,2.0529687898233533
0.291,2.072329428512603,0.291,2.0490966620855033
0.2912,2.074910847004503,0.2912,2.0529687898233533
0.2914,2.0697480100207031,0.2914,2.0478059528395534
0.2916,2.0697480100207031,0.2916,2.0529687898233533
0.2918,2.072329428512603,0.2918,2.0516780805774033
0.292,2.0710387192666531,0.292,2.0529687898233533
0.2922,2.077492265496403,0.2922,2.0516780805774033
0.2924,2.077492265496403,0.2924,2.0516780805774033
0.2926,2.073620137758553,0.2926,2.0529687898233533
0.2928,2.074910847004503,0.2928,2.0516780805774033
0.293,2.072329428512603,0.293,2.0490966620855033
0.2932,2.072329428512603,0.2932,2.0503873713314533
0.2934,2.0697480100207031,0.2934,2.0529687898233533
0.2936,2.0697480100207031,0.2936,2.0478059528395534
0.2938,2.073620137758553,0.2938,2.0452245343476534
0.294,2.072329428512603,0.294,2.0452245343476534
0.2942,2.0671665915288031,0.2942,2.0465152435936034
0.2944,2.0710387192666531,0.2944,2.0439338251017034
0.2946,2.0684573007747531,0.2946,2.0426431158557534
0.2948,2.0645851730369031,0.2948,2.0439338251017034
0.295,2.0658758822828531,0.295,2.0400616973638535
0.2952,2.0658758822828531,0.2952,2.0400616973638535
0.2954,2.0684573007747531,0.2954,2.0374802788719535
0.2956,2.0658758822828531,0.2956,2.0387709881179035
0.2958,2.0607130452990532,0.2958,2.0400616973638535
0.296,2.0645851730369031,0.296,2.0297360233962536
0.2962,2.0620037545450032,0.2962,2.0361895696260035
0.2964,2.0594223360531032,0.2964,2.0387709881179035
0.2966,2.0581316268071532,0.2966,2.0348988603800535
0.2968,2.0581316268071532,0.2968,2.0336081511341035
0.297,2.0529687898233533,0.297,2.0348988603800535
0.2972,2.0542594990693033,0.2972,2.0284453141503036
0.2974,2.0542594990693033,0.2974,2.0297360233962536
0.2976,2.0529687898233533,0.2976,2.0297360233962536
0.2978,2.0465152435936034,0.2978,2.0284453141503036
0.298,2.0503873713314533,0.298,2.0207010586746037
0.2982,2.0452245343476534,0.2982,2.0207010586746037
0.2984,2.0503873713314533,0.2984,2.0219917679205537
0.2986,2.0452245343476534,0.2986,2.0207010586746037
0.2988,2.0413524066098034,0.2988,2.0194103494286537
0.299,2.0439338251017034,0.299,2.0194103494286537
0.2992,2.0426431158557534,0.2992,2.0168289309367537
0.2994,2.0439338251017034,0.2994,2.0168289309367537
0.2996,2.0439338251017034,0.2996,2.0142475124448538
0.2998,2.0452245343476534,0.2998,2.0194103494286537
0.3,2.0400616973638535,0.3,2.0142475124448538
0.3002,2.0387709881179035,0.3002,2.0168289309367537
0.3004,2.0387709881179035,0.3004,2.0142475124448538
0.3006,2.0387709881179035,0.3006,2.0155382216908038
0.3008,2.0361895696260035,0.3008,2.0168289309367537
0.301,2.0374802788719535,0.301,2.0155382216908038
0.3012,2.0374802788719535,0.3012,2.0129568031989038
0.3014,2.0348988603800535,0.3014,2.0142475124448538
0.3016,2.0348988603800535,0.3016,2.0142475124448538
0.3018,2.0387709881179035,0.3018,2.0168289309367537
0.302,2.0374802788719535,0.302,2.0116660939529538
0.3022,2.0374802788719535,0.3022,2.0129568031989038
0.3024,2.0361895696260035,0.3024,2.0142475124448538
0.3026,2.0361895696260035,0.3026,2.0142475124448538
0.3028,2.0387709881179035,0.3028,2.0103753847070038
0.303,2.0387709881179035,0.303,2.0168289309367537
0.3032,2.0361895696260035,0.3032,2.0168289309367537
0.3034,2.0400616973638535,0.3034,2.0207010586746037
0.3036,2.0361895696260035,0.3036,2.0168289309367537
0.3038,2.0439338251017034,0.3038,2.0129568031989038
0.304,2.0387709881179035,0.304,2.0181196401827037
0.3042,2.0413524066098034,0.3042,2.0245731864124537
0.3044,2.0426431158557534,0.3044,2.0232824771665037
0.3046,2.0452245343476534,0.3046,2.0232824771665037
0.3048,2.0465152435936034,0.3048,2.0219917679205537
0.305,2.0478059528395534,0.305,2.0181196401827037
0.3052,2.0439338251017034,0.3052,2.0245731864124537
0.3054,2.0465152435936034,0.3054,2.0284453141503036
0.3056,2.0478059528395534,0.3056,2.0258638956584036
0.3058,2.0490966620855033,0.3058,2.0284453141503036
0.306,2.0503873713314533,0.306,2.0297360233962536
0.3062,2.0465152435936034,0.3062,2.0297360233962536
0.3064,2.0529687898233533,0.3064,2.0271546049043536
0.3066,2.0516780805774033,0.3066,2.0310267326422036
0.3068,2.0529687898233533,0.3068,2.0374802788719535
0.307,2.0594223360531032,0.307,2.0361895696260035
0.3072,2.0581316268071532,0.3072,2.0297360233962536
0.3074,2.0568409175612032,0.3074,2.0374802788719535
0.3076,2.0581316268071532,0.3076,2.0361895696260035
0.3078,2.0594223360531032,0.3078,2.0439338251017034
0.308,2.0581316268071532,0.308,2.0387709881179035
0.3082,2.0620037545450032,0.3082,2.0465152435936034
0.3084,2.0607130452990532,0.3084,2.0374802788719535
0.3086,2.0632944637909532,0.3086,2.0439338251017034
0.3088,2.0658758822828531,0.3088,2.0465152435936034
0.309,2.0632944637909532,0.309,2.0490966620855033
0.3092,2.0658758822828531,0.3092,2.0478059528395534
0.3094,2.0645851730369031,0.3094,2.0452245343476534
0.3096,2.0684573007747531,0.3096,2.0439338251017034
0.3098,2.0684573007747531,0.3098,2.0439338251017034
0.31,2.0684573007747531,0.31,2.0465152435936034
0.3102,2.0710387192666531,0.3102,2.0516780805774033
0.3104,2.0710387192666531,0.3104,2.0465152435936034
0.3106,2.072329428512603,0.3106,2.0478059528395534
0.3108,2.0697480100207031,0.3108,2.0452245343476534
0.311,2.073620137758553,0.311,2.0542594990693033
0.3112,2.0710387192666531,0.3112,2.0542594990693033
0.3114,2.0710387192666531,0.3114,2.0516780805774033
0.3116,2.072329428512603,0.3116,2.0478059528395534
0.3118,2.078782974742353,0.3118,2.0542594990693033
0.312,2.074910847004503,0.312,2.0516780805774033
0.3122,2.076201556250453,0.3122,2.0490966620855033
0.3124,2.072329428512603,0.3124,2.0529687898233533
0.3126,2.0710387192666531,0.3126,2.0516780805774033
0.3128,2.072329428512603,0.3128,2.0529687898233533
0.313,2.0710387192666531,0.313,2.0516780805774033
0.3132,2.074910847004503,0.3132,2.0490966620855033
0.3134,2.0710387192666531,0.3134,2.0503873713314533
0.3136,2.072329428512603,0.3136,2.0503873713314533
0.3138,2.0697480100207031,0.3138,2.0503873713314533
0.314,2.0684573007747531,0.314,2.0465152435936034
0.3142,2.0684573007747531,0.3142,2.0439338251017034
0.3144,2.0697480100207031,0.3144,2.0439338251017034
0.3146,2.0658758822828531,0.3146,2.0452245343476534
0.3148,2.0620037545450032,0.3148,2.0465152435936034
0.315,2.0632944637909532,0.315,2.0439338251017034
0.3152,2.0671665915288031,0.3152,2.0426431158557534
0.3154,2.0645851730369031,0.3154,2.0439338251017034
0.3156,2.0594223360531032,0.3156,2.0426431158557534
0.3158,2.0607130452990532,0.3158,2.0374802788719535
0.316,2.0632944637909532,0.316,2.0413524066098034
0.3162,2.0568409175612032,0.3162,2.0400616973638535
0.3164,2.0581316268071532,0.3164,2.0374802788719535
0.3166,2.0555502083152533,0.3166,2.0310267326422036
0.3168,2.0529687898233533,0.3168,2.0348988603800535
0.317,2.0542594990693033,0.317,2.0374802788719535
0.3172,2.0568409175612032,0.3172,2.0323174418881536
0.3174,2.0529687898233533,0.3174,2.0361895696260035
0.3176,2.0465152435936034,0.3176,2.0297360233962536
0.3178,2.0503873713314533,0.3178,2.0297360233962536
0.318,2.0503873713314533,0.318,2.0271546049043536
0.3182,2.0529687898233533,0.3182,2.0245731864124537
0.3184,2.0465152435936034,0.3184,2.0232824771665037
0.3186,2.0478059528395534,0.3186,2.0207010586746037
0.3188,2.0439338251017034,0.3188,2.0245731864124537
0.319,2.0426431158557534,0.319,2.0207010586746037
0.3192,2.0439338251017034,0.3192,2.0219917679205537
0.3194,2.0439338251017034,0.3194,2.0194103494286537
0.3196,2.0439338251017034,0.3196,2.0219917679205537
0.3198,2.0439338251017034,0.3198,2.0181196401827037
0.32,2.0387709881179035,0.32,2.0142475124448538
0.3202,2.0400616973638535,0.3202,2.0194103494286537
0.3204,2.0400616973638535,0.3204,2.0181196401827037
0.3206,2.0387709881179035,0.3206,2.0168289309367537
0.3208,2.0426431158557534,0.3208,2.0155382216908038
0.321,2.0374802788719535,0.321,2.0129568031989038
0.3212,2.0387709881179035,0.3212,2.0181196401827037
0.3214,2.0348988603800535,0.3214,2.0155382216908038
0.3216,2.0374802788719535,0.3216,2.0155382216908038
0.3218,2.0400616973638535,0.3218,2.0142475124448538
0.322,2.0387709881179035,0.322,2.0181196401827037
0.3222,2.0387709881179035,0.3222,2.0129568031989038
0.3224,2.0387709881179035,0.3224,2.0142475124448538
0.3226,2.0336081511341035,0.3226,2.0142475124448538
0.3228,2.0361895696260035,0.3228,2.0168289309367537
0.323,2.0387709881179035,0.323,2.0181196401827037
0.3232,2.0374802788719535,0.3232,2.0168289309367537
0.3234,2.0387709881179035,0.3234,2.0181196401827037
0.3236,2.0400616973638535,0.3236,2.0207010586746037
0.3238,2.0413524066098034,0.3238,2.0194103494286537
0.324,2.0400616973638535,0.324,2.0219917679205537
0.3242,2.0413524066098034,0.3242,2.0181196401827037
0.3244,2.0439338251017034,0.3244,2.0245731864124537
0.3246,2.0465152435936034,0.3246,2.0245731864124537
0.3248,2.0426431158557534,0.3248,2.0245731864124537
0.325,2.0452245343476534,0.325,2.0207010586746037
0.3252,2.0465152435936034,0.3252,2.0232824771665037
0.3254,2.0452245343476534,0.3254,2.0232824771665037
0.3256,2.0465152435936034,0.3256,2.0284453141503036
0.3258,2.0503873713314533,0.3258,2.0258638956584036
0.326,2.0542594990693033,0.326,2.0258638956584036
0.3262,2.0542594990693033,0.3262,2.0284453141503036
0.3264,2.0555502083152533,0.3264,2.0323174418881536
0.3266,2.0555502083152533,0.3266,2.0336081511341035
0.3268,2.0529687898233533,0.3268,2.0348988603800535
0.327,2.0542594990693033,0.327,2.0361895696260035
0.3272,2.0620037545450032,0.3272,2.0348988603800535
0.3274,2.0594223360531032,0.3274,2.0361895696260035
0.3276,2.0620037545450032,0.3276,2.0336081511341035
0.3278,2.0594223360531032,0.3278,2.0374802788719535
0.328,2.0594223360531032,0.328,2.0361895696260035
0.3282,2.0658758822828531,0.3282,2.0400616973638535
0.3284,2.0568409175612032,0.3284,2.0374802788719535
0.3286,2.0684573007747531,0.3286,2.0400616973638535
0.3288,2.0684573007747531,0.3288,2.0400616973638535
0.329,2.0658758822828531,0.329,2.0439338251017034
0.3292,2.0671665915288031,0.3292,2.0439338251017034
0.3294,2.0658758822828531,0.3294,2.0478059528395534
0.3296,2.0658758822828531,0.3296,2.0490966620855033
0.3298,2.072329428512603,0.3298,2.0452245343476534
0.33,2.0697480100207031,0.33,2.0490966620855033
0.3302,2.072329428512603,0.3302,2.0452245343476534
0.3304,2.0671665915288031,0.3304,2.0503873713314533
0.3306,2.0710387192666531,0.3306,2.0490966620855033
0.3308,2.072329428512603,0.3308,2.0516780805774033
0.331,2.073620137758553,0.331,2.0503873713314533
0.3312,2.072329428512603,0.3312,2.0529687898233533
0.3314,2.073620137758553,0.3314,2.0490966620855033
0.3316,2.073620137758553,0.3316,2.0516780805774033
0.3318,2.0710387192666531,0.3318,2.0529687898233533
0.332,2.074910847004503,0.332,2.0516780805774033
0.3322,2.0710387192666531,0.3322,2.0555502083152533
0.3324,2.073620137758553,0.3324,2.0542594990693033
0.3326,2.074910847004503,0.3326,2.0516780805774033
0.3328,2.073620137758553,0.3328,2.0542594990693033
0.333,2.0710387192666531,0.333,2.0503873713314533
0.3332,2.0697480100207031,0.3332,2.0478059528395534
0.3334,2.0710387192666531,0.3334,2.0503873713314533
0.3336,2.072329428512603,0.3336,2.0490966620855033
0.3338,2.0684573007747531,0.3338,2.0426431158557534
0.334,2.0658758822828531,0.334,2.0490966620855033
0.3342,2.0671665915288031,0.3342,2.0426431158557534
0.3344,2.0710387192666531,0.3344,2.0426431158557534
0.3346,2.0658758822828531,0.3346,2.0503873713314533
0.3348,2.0658758822828531,0.3348,2.0413524066098034
0.335,2.0671665915288031,0.335,2.0478059528395534
0.3352,2.0645851730369031,0.3352,2.0426431158557534
0.3354,2.0645851730369031,0.3354,2.0387709881179035
0.3356,2.0607130452990532,0.3356,2.0387709881179035
0.3358,2.0607130452990532,0.3358,2.0374802788719535
0.336,2.0607130452990532,0.336,2.0336081511341035
0.3362,2.0607130452990532,0.3362,2.0374802788719535
0.3364,2.0581316268071532,0.3364,2.0361895696260035
0.3366,2.0620037545450032,0.3366,2.0336081511341035
0.3368,2.0542594990693033,0.3368,2.0284453141503036
0.337,2.0555502083152533,0.337,2.0336081511341035
0.3372,2.0568409175612032,0.3372,2.0323174418881536
0.3374,2.0555502083152533,0.3374,2.0284453141503036
0.3376,2.0529687898233533,0.3376,2.0245731864124537
0.3378,2.0516780805774033,0.3378,2.0271546049043536
0.338,2.0478059528395534,0.338,2.0297360233962536
0.3382,2.0465152435936034,0.3382,2.0245731864124537
0.3384,2.0465152435936034,0.3384,2.0207010586746037
0.3386,2.0503873713314533,0.3386,2.0245731864124537
0.3388,2.0465152435936034,0.3388,2.0194103494286537
0.339,2.0452245343476534,0.339,2.0232824771665037
0.3392,2.0413524066098034,0.3392,2.0194103494286537
0.3394,2.0413524066098034,0.3394,2.0194103494286537
0.3396,2.0387709881179035,0.3396,2.0207010586746037
0.3398,2.0400616973638535,0.3398,2.0142475124448538
0.34,2.0387709881179035,0.34,2.0168289309367537
0.3402,2.0374802788719535,0.3402,2.0168289309367537
0.3404,2.0413524066098034,0.3404,2.0142475124448538
0.3406,2.0387709881179035,0.3406,2.0207010586746037
0.3408,2.0374802788719535,0.3408,2.0181196401827037
0.341,2.0387709881179035,0.341,2.0219917679205537
0.3412,2.0348988603800535,0.3412,2.0181196401827037
0.3414,2.0361895696260035,0.3414,2.0103753847070038
0.3416,2.0361895696260035,0.3416,2.0142475124448538
0.3418,2.0387709881179035,0.3418,2.0129568031989038
0.342,2.0387709881179035,0.342,2.0103753847070038
0.3422,2.0413524066098034,0.3422,2.0155382216908038
0.3424,2.0361895696260035,0.3424,2.0155382216908038
0.3426,2.0387709881179035,0.3426,2.0116660939529538
0.3428,2.0387709881179035,0.3428,2.0207010586746037
0.343,2.0413524066098034,0.343,2.0142475124448538
0.3432,2.0387709881179035,0.3432,2.0194103494286537
0.3434,2.0387709881179035,0.3434,2.0155382216908038
0.3436,2.0361895696260035,0.3436,2.0155382216908038
0.3438,2.0439338251017034,0.3438,2.0181196401827037
0.344,2.0426431158557534,0.344,2.0168289309367537
0.3442,2.0413524066098034,0.3442,2.0219917679205537
0.3444,2.0439338251017034,0.3444,2.0219917679205537
0.3446,2.0400616973638535,0.3446,2.0194103494286537
0.3448,2.0452245343476534,0.3448,2.0207010586746037
0.345,2.0478059528395534,0.345,2.0245731864124537
0.3452,2.0478059528395534,0.3452,2.0219917679205537
0.3454,2.0478059528395534,0.3454,2.0232824771665037
0.3456,2.0478059528395534,0.3456,2.0207010586746037
0.3458,2.0529687898233533,0.3458,2.0232824771665037
0.346,2.0490966620855033,0.346,2.0258638956584036
0.3462,2.0503873713314533,0.3462,2.0284453141503036
0.3464,2.0542594990693033,0.3464,2.0323174418881536
0.3466,2.0542594990693033,0.3466,2.0310267326422036
0.3468,2.0490966620855033,0.3468,2.0348988603800535
0.347,2.0568409175612032,0.347,2.0361895696260035
0.3472,2.0594223360531032,0.3472,2.0387709881179035
0.3474,2.0594223360531032,0.3474,2.0323174418881536
0.3476,2.0555502083152533,0.3476,2.0374802788719535
0.3478,2.0607130452990532,0.3478,2.0387709881179035
0.348,2.0645851730369031,0.348,2.0361895696260035
0.3482,2.0620037545450032,0.3482,2.0387709881179035
0.3484,2.0671665915288031,0.3484,2.0400616973638535
0.3486,2.0620037545450032,0.3486,2.0439338251017034
0.3488,2.0671665915288031,0.3488,2.0387709881179035
0.349,2.0658758822828531,0.349,2.0452245343476534
0.3492,2.0645851730369031,0.3492,2.0426431158557534
0.3494,2.0684573007747531,0.3494,2.0478059528395534
0.3496,2.0671665915288031,0.3496,2.0465152435936034
0.3498,2.0710387192666531,0.3498,2.0478059528395534
0.35,2.0684573007747531,0.35,2.0542594990693033
0.3502,2.072329428512603,0.3502,2.0503873713314533
0.3504,2.072329428512603,0.3504,2.0478059528395534
0.3506,2.0710387192666531,0.3506,2.0452245343476534
0.3508,2.073620137758553,0.3508,2.0478059528395534
0.351,2.074910847004503,0.351,2.0465152435936034
0.3512,2.0671665915288031,0.3512,2.0529687898233533
0.3514,2.072329428512603,0.3514,2.0490966620855033
0.3516,2.073620137758553,0.3516,2.0529687898233533
0.3518,2.0697480100207031,0.3518,2.0503873713314533
0.352,2.073620137758553,0.352,2.0529687898233533
0.3522,2.072329428512603,0.3522,2.0516780805774033
0.3524,2.072329428512603,0.3524,2.0516780805774033
0.3526,2.073620137758553,0.3526,2.0529687898233533
0.3528,2.076201556250453,0.3528,2.0529687898233533
0.353,2.073620137758553,0.353,2.0490966620855033
0.3532,2.073620137758553,0.3532,2.0503873713314533
0.3534,2.0710387192666531,0.3534,2.0465152435936034
0.3536,2.073620137758553,0.3536,2.0490966620855033
0.3538,2.074910847004503,0.3538,2.0478059528395534
0.354,2.0697480100207031,0.354,2.0452245343476534
0.3542,2.072329428512603,0.3542,2.0426431158557534
0.3544,2.0658758822828531,0.3544,2.0426431158557534
0.3546,2.0697480100207031,0.3546,2.0426431158557534
0.3548,2.0671665915288031,0.3548,2.0426431158557534
0.355,2.0645851730369031,0.355,2.0452245343476534
0.3552,2.0684573007747531,0.3552,2.0413524066098034
0.3554,2.0671665915288031,0.3554,2.0413524066098034
0.3556,2.0620037545450032,0.3556,2.0478059528395534
0.3558,2.0645851730369031,0.3558,2.0413524066098034
0.356,2.0594223360531032,0.356,2.0439338251017034
0.3562,2.0607130452990532,0.3562,2.0374802788719535
0.3564,2.0581316268071532,0.3564,2.0323174418881536
0.3566,2.0555502083152533,0.3566,2.0348988603800535
0.3568,2.0607130452990532,0.3568,2.0310267326422036
0.357,2.0542594990693033,0.357,2.0323174418881536
0.3572,2.0555502083152533,0.3572,2.0232824771665037
0.3574,2.0503873713314533,0.3574,2.0310267326422036
0.3576,2.0529687898233533,0.3576,2.0297360233962536
0.3578,2.0542594990693033,0.3578,2.0284453141503036
0.358,2.0503873713314533,0.358,2.0297360233962536
0.3582,2.0478059528395534,0.3582,2.0219917679205537
0.3584,2.0503873713314533,0.3584,2.0232824771665037
0.3586,2.0465152435936034,0.3586,2.0194103494286537
0.3588,2.0452245343476534,0.3588,2.0245731864124537
0.359,2.0452245343476534,0.359,2.0258638956584036
0.3592,2.0452245343476534,0.3592,2.0207010586746037
0.3594,2.0439338251017034,0.3594,2.0207010586746037
0.3596,2.0374802788719535,0.3596,2.0168289309367537
0.3598,2.0400616973638535,0.3598,2.0181196401827037
0.36,2.0361895696260035,0.36,2.0142475124448538
0.3602,2.0400616973638535,0.3602,2.0181196401827037
0.3604,2.0374802788719535,0.3604,2.0142475124448538
0.3606,2.0426431158557534,0.3606,2.0155382216908038
0.3608,2.0348988603800535,0.3608,2.0194103494286537
0.361,2.0426431158557534,0.361,2.0168289309367537
0.3612,2.0400616973638535,0.3612,2.0194103494286537
0.3614,2.0348988603800535,0.3614,2.0181196401827037
0.3616,2.0361895696260035,0.3616,2.0155382216908038
0.3618,2.0348988603800535,0.3618,2.0116660939529538
0.362,2.0361895696260035,0.362,2.0142475124448538
0.3622,2.0387709881179035,0.3622,2.0142475124448538
0.3624,2.0387709881179035,0.3624,2.0103753847070038
0.3626,2.0348988603800535,0.3626,2.0168289309367537
0.3628,2.0374802788719535,0.3628,2.0194103494286537
0.363,2.0374802788719535,0.363,2.0142475124448538
0.3632,2.0400616973638535,0.3632,2.0207010586746037
0.3634,2.0361895696260035,0.3634,2.0168289309367537
0.3636,2.0400616973638535,0.3636,2.0168289309367537
0.3638,2.0400616973638535,0.3638,2.0207010586746037
0.364,2.0400616973638535,0.364,2.0219917679205537
0.3642,2.0413524066098034,0.3642,2.0232824771665037
0.3644,2.0439338251017034,0.3644,2.0194103494286537
0.3646,2.0400616973638535,0.3646,2.0207010586746037
0.3648,2.0452245343476534,0.3648,2.0245731864124537
0.365,2.0452245343476534,0.365,2.0258638956584036
0.3652,2.0465152435936034,0.3652,2.0245731864124537
0.3654,2.0452245343476534,0.3654,2.0219917679205537
0.3656,2.0452245343476534,0.3656,2.0323174418881536
0.3658,2.0490966620855033,0.3658,2.0258638956584036
0.366,2.0478059528395534,0.366,2.0232824771665037
0.3662,2.0529687898233533,0.3662,2.0245731864124537
0.3664,2.0529687898233533,0.3664,2.0323174418881536
0.3666,2.0542594990693033,0.3666,2.0310267326422036
0.3668,2.0529687898233533,0.3668,2.0336081511341035
0.367,2.0542594990693033,0.367,2.0374802788719535
0.3672,2.0581316268071532,0.3672,2.0400616973638535
0.3674,2.0568409175612032,0.3674,2.0374802788719535
0.3676,2.0594223360531032,0.3676,2.0400616973638535
0.3678,2.0594223360531032,0.3678,2.0452245343476534
0.368,2.0645851730369031,0.368,2.0426431158557534
0.3682,2.0658758822828531,0.3682,2.0400616973638535
0.3684,2.0645851730369031,0.3684,2.0465152435936034
0.3686,2.0620037545450032,0.3686,2.0387709881179035
0.3688,2.0645851730369031,0.3688,2.0478059528395534
0.369,2.0684573007747531,0.369,2.0490966620855033
0.3692,2.0671665915288031,0.3692,2.0478059528395534
0.3694,2.0658758822828531,0.3694,2.0503873713314533
0.3696,2.0697480100207031,0.3696,2.0478059528395534
0.3698,2.0697480100207031,0.3698,2.0439338251017034
0.37,2.072329428512603,0.37,2.0452245343476534
0.3702,2.0697480100207031,0.3702,2.0490966620855033
0.3704,2.074910847004503,0.3704,2.0490966620855033
0.3706,2.072329428512603,0.3706,2.0529687898233533
0.3708,2.0710387192666531,0.3708,2.0516780805774033
0.371,2.072329428512603,0.371,2.0503873713314533
0.3712,2.072329428512603,0.3712,2.0478059528395534
0.3714,2.0697480100207031,0.3714,2.0529687898233533
0.3716,2.076201556250453,0.3716,2.0503873713314533
0.3718,2.074910847004503,0.3718,2.0490966620855033
0.372,2.076201556250453,0.372,2.0516780805774033
0.3722,2.072329428512603,0.3722,2.0529687898233533
0.3724,2.074910847004503,0.3724,2.0465152435936034
0.3726,2.0710387192666531,0.3726,2.0529687898233533
0.3728,2.074910847004503,0.3728,2.0516780805774033
0.373,2.074910847004503,0.373,2.0542594990693033
0.3732,2.073620137758553,0.3732,2.0516780805774033
0.3734,2.0697480100207031,0.3734,2.0478059528395534
0.3736,2.072329428512603,0.3736,2.0452245343476534
0.3738,2.0710387192666531,0.3738,2.0503873713314533
0.374,2.0697480100207031,0.374,2.0465152435936034
0.3742,2.0684573007747531,0.3742,2.0465152435936034
0.3744,2.0632944637909532,0.3744,2.0439338251017034
0.3746,2.0632944637909532,0.3746,2.0490966620855033
0.3748,2.0658758822828531,0.3748,2.0465152435936034
0.375,2.0671665915288031,0.375,2.0426431158557534
0.3752,2.0645851730369031,0.3752,2.0439338251017034
0.3754,2.0607130452990532,0.3754,2.0413524066098034
0.3756,2.0632944637909532,0.3756,2.0426431158557534
0.3758,2.0594223360531032,0.3758,2.0413524066098034
0.376,2.0607130452990532,0.376,2.0387709881179035
0.3762,2.0568409175612032,0.3762,2.0348988603800535
0.3764,2.0607130452990532,0.3764,2.0348988603800535
0.3766,2.0594223360531032,0.3766,2.0323174418881536
0.3768,2.0542594990693033,0.3768,2.0323174418881536
0.377,2.0542594990693033,0.377,2.0310267326422036
0.3772,2.0568409175612032,0.3772,2.0271546049043536
0.3774,2.0529687898233533,0.3774,2.0284453141503036
0.3776,2.0465152435936034,0.3776,2.0284453141503036
0.3778,2.0529687898233533,0.3778,2.0310267326422036
0.378,2.0503873713314533,0.378,2.0219917679205537
0.3782,2.0503873713314533,0.3782,2.0271546049043536
0.3784,2.0452245343476534,0.3784,2.0258638956584036
0.3786,2.0452245343476534,0.3786,2.0258638956584036
0.3788,2.0465152435936034,0.3788,2.0232824771665037
0.379,2.0426431158557534,0.379,2.0258638956584036
0.3792,2.0439338251017034,0.3792,2.0194103494286537
0.3794,2.0452245343476534,0.3794,2.0194103494286537
0.3796,2.0426431158557534,0.3796,2.0207010586746037
0.3798,2.0413524066098034,0.3798,2.0168289309367537
0.38,2.0374802788719535,0.38,2.0168289309367537
0.3802,2.0387709881179035,0.3802,2.0155382216908038
0.3804,2.0348988603800535,0.3804,2.0219917679205537
0.3806,2.0361895696260035,0.3806,2.0194103494286537
0.3808,2.0374802788719535,0.3808,2.0181196401827037
0.381,2.0374802788719535,0.381,2.0168289309367537
0.3812,2.0361895696260035,0.3812,2.0155382216908038
0.3814,2.0348988603800535,0.3814,2.0155382216908038
0.3816,2.0400616973638535,0.3816,2.0219917679205537
0.3818,2.0387709881179035,0.3818,2.0168289309367537
0.382,2.0336081511341035,0.382,2.0168289309367537
0.3822,2.0387709881179035,0.3822,2.0155382216908038
0.3824,2.0348988603800535,0.3824,2.0142475124448538
0.3826,2.0348988603800535,0.3826,2.0168289309367537
0.3828,2.0387709881179035,0.3828,2.0168289309367537
0.383,2.0387709881179035,0.383,2.0194103494286537
0.3832,2.0374802788719535,0.3832,2.0168289309367537
0.3834,2.0374802788719535,0.3834,2.0142475124448538
0.3836,2.0387709881179035,0.3836,2.0142475124448538
0.3838,2.0400616973638535,0.3838,2.0194103494286537
0.384,2.0439338251017034,0.384,2.0219917679205537
0.3842,2.0452245343476534,0.3842,2.0232824771665037
0.3844,2.0400616973638535,0.3844,2.0207010586746037
0.3846,2.0439338251017034,0.3846,2.0168289309367537
0.3848,2.0426431158557534,0.3848,2.0232824771665037
0.385,2.0413524066098034,0.385,2.0219917679205537
0.3852,2.0490966620855033,0.3852,2.0232824771665037
0.3854,2.0426431158557534,0.3854,2.0232824771665037
0.3856,2.0452245343476534,0.3856,2.0258638956584036
0.3858,2.0490966620855033,0.3858,2.0232824771665037
0.386,2.0490966620855033,0.386,2.0232824771665037
0.3862,2.0478059528395534,0.3862,2.0284453141503036
0.3864,2.0503873713314533,0.3864,2.0310267326422036
0.3866,2.0542594990693033,0.3866,2.0323174418881536
0.3868,2.0529687898233533,0.3868,2.0336081511341035
0.387,2.0542594990693033,0.387,2.0348988603800535
0.3872,2.0555502083152533,0.3872,2.0374802788719535
0.3874,2.0542594990693033,0.3874,2.0374802788719535
0.3876,2.0594223360531032,0.3876,2.0374802788719535
0.3878,2.0594223360531032,0.3878,2.0413524066098034
0.388,2.0594223360531032,0.388,2.0400616973638535
0.3882,2.0581316268071532,0.3882,2.0400616973638535
0.3884,2.0645851730369031,0.3884,2.0413524066098034
0.3886,2.0645851730369031,0.3886,2.0374802788719535
0.3888,2.0645851730369031,0.3888,2.0439338251017034
0.389,2.0658758822828531,0.389,2.0490966620855033
0.3892,2.0697480100207031,0.3892,2.0439338251017034
0.3894,2.0632944637909532,0.3894,2.0503873713314533
0.3896,2.0658758822828531,0.3896,2.0452245343476534
0.3898,2.0710387192666531,0.3898,2.0490966620855033
0.39,2.0710387192666531,0.39,2.0490966620855033
0.3902,2.072329428512603,0.3902,2.0529687898233533
0.3904,2.0710387192666531,0.3904,2.0490966620855033
0.3906,2.076201556250453,0.3906,2.0516780805774033
0.3908,2.0697480100207031,0.3908,2.0529687898233533
0.391,2.0710387192666531,0.391,2.0490966620855033
0.3912,2.072329428512603,0.3912,2.0529687898233533
0.3914,2.073620137758553,0.3914,2.0490966620855033
0.3916,2.072329428512603,0.3916,2.0490966620855033
0.3918,2.0697480100207031,0.3918,2.0529687898233533
0.392,2.0697480100207031,0.392,2.0490966620855033
0.3922,2.074910847004503,0.3922,2.0516780805774033
0.3924,2.076201556250453,0.3924,2.0439338251017034
0.3926,2.072329428512603,0.3926,2.0542594990693033
0.3928,2.072329428512603,0.3928,2.0581316268071532
0.393,2.073620137758553,0.393,2.0529687898233533
0.3932,2.074910847004503,0.3932,2.0490966620855033
0.3934,2.072329428512603,0.3934,2.0542594990693033
0.3936,2.0710387192666531,0.3936,2.0478059528395534
0.3938,2.0697480100207031,0.3938,2.0503873713314533
0.394,2.073620137758553,0.394,2.0413524066098034
0.3942,2.0671665915288031,0.3942,2.0465152435936034
0.3944,2.0671665915288031,0.3944,2.0478059528395534
0.3946,2.0645851730369031,0.3946,2.0413524066098034
0.3948,2.0645851730369031,0.3948,2.0452245343476534
0.395,2.0697480100207031,0.395,2.0478059528395534
0.3952,2.0632944637909532,0.3952,2.0400616973638535
0.3954,2.0620037545450032,0.3954,2.0426431158557534
0.3956,2.0632944637909532,0.3956,2.0400616973638535
0.3958,2.0620037545450032,0.3958,2.0400616973638535
0.396,2.0581316268071532,0.396,2.0374802788719535
0.3962,2.0594223360531032,0.3962,2.0387709881179035
0.3964,2.0594223360531032,0.3964,2.0323174418881536
0.3966,2.0568409175612032,0.3966,2.0336081511341035
0.3968,2.0581316268071532,0.3968,2.0336081511341035
0.397,2.0568409175612032,0.397,2.0336081511341035
0.3972,2.0542594990693033,0.3972,2.0284453141503036
0.3974,2.0516780805774033,0.3974,2.0258638956584036
0.3976,2.0516780805774033,0.3976,2.0284453141503036
0.3978,2.0478059528395534,0.3978,2.0284453141503036
0.398,2.0516780805774033,0.398,2.0194103494286537
0.3982,2.0465152435936034,0.3982,2.0245731864124537
0.3984,2.0452245343476534,0.3984,2.0245731864124537
0.3986,2.0439338251017034,0.3986,2.0271546049043536
0.3988,2.0452245343476534,0.3988,2.0232824771665037
0.399,2.0400616973638535,0.399,2.0194103494286537
0.3992,2.0439338251017034,0.3992,2.0181196401827037
0.3994,2.0439338251017034,0.3994,2.0168289309367537
0.3996,2.0465152435936034,0.3996,2.0219917679205537
0.3998,2.0426431158557534,0.3998,2.0168289309367537
0.4,2.0336081511341035,0.4,2.0168289309367537
0.4002,2.0426431158557534,0.4002,2.0155382216908038
0.4004,2.0348988603800535,0.4004,2.0142475124448538
0.4006,2.0374802788719535,0.4006,2.0155382216908038
0.4008,2.0374802788719535,0.4008,2.0116660939529538
0.401,2.0400616973638535,0.401,2.0168289309367537
0.4012,2.0426431158557534,0.4012,2.0168289309367537
0.4014,2.0400616973638535,0.4014,2.0181196401827037
0.4016,2.0387709881179035,0.4016,2.0155382216908038
0.4018,2.0361895696260035,0.4018,2.0116660939529538
0.402,2.0387709881179035,0.402,2.0116660939529538
0.4022,2.0374802788719535,0.4022,2.0129568031989038
0.4024,2.0336081511341035,0.4024,2.0168289309367537
0.4026,2.0374802788719535,0.4026,2.0142475124448538
0.4028,2.0387709881179035,0.4028,2.0142475124448538
0.403,2.0348988603800535,0.403,2.0168289309367537
0.4032,2.0413524066098034,0.4032,2.0168289309367537
0.4034,2.0361895696260035,0.4034,2.0181196401827037
0.4036,2.0361895696260035,0.4036,2.0116660939529538
0.4038,2.0400616973638535,0.4038,2.0168289309367537
0.404,2.0413524066098034,0.404,2.0168289309367537
0.4042,2.0387709881179035,0.4042,2.0219917679205537
0.4044,2.0439338251017034,0.4044,2.0194103494286537
0.4046,2.0465152435936034,0.4046,2.0232824771665037
0.4048,2.0439338251017034,0.4048,2.0194103494286537
0.405,2.0426431158557534,0.405,2.0284453141503036
0.4052,2.0465152435936034,0.4052,2.0194103494286537
0.4054,2.0478059528395534,0.4054,2.0271546049043536
0.4056,2.0503873713314533,0.4056,2.0284453141503036
0.4058,2.0478059528395534,0.4058,2.0271546049043536
0.406,2.0490966620855033,0.406,2.0271546049043536
0.4062,2.0465152435936034,0.4062,2.0297360233962536
0.4064,2.0490966620855033,0.4064,2.0323174418881536
0.4066,2.0542594990693033,0.4066,2.0348988603800535
0.4068,2.0555502083152533,0.4068,2.0361895696260035
0.407,2.0555502083152533,0.407,2.0387709881179035
0.4072,2.0555502083152533,0.4072,2.0336081511341035
0.4074,2.0620037545450032,0.4074,2.0361895696260035
0.4076,2.0568409175612032,0.4076,2.0387709881179035
0.4078,2.0607130452990532,0.4078,2.0413524066098034
0.408,2.0594223360531032,0.408,2.0413524066098034
0.4082,2.0632944637909532,0.4082,2.0400616973638535
0.4084,2.0658758822828531,0.4084,2.0413524066098034
0.4086,2.0658758822828531,0.4086,2.0426431158557534
0.4088,2.0684573007747531,0.4088,2.0465152435936034
0.409,2.0632944637909532,0.409,2.0439338251017034
0.4092,2.0632944637909532,0.4092,2.0452245343476534
0.4094,2.0697480100207031,0.4094,2.0478059528395534
0.4096,2.0671665915288031,0.4096,2.0478059528395534
0.4098,2.0697480100207031,0.4098,2.0465152435936034
0.41,2.0671665915288031,0.41,2.0490966620855033
0.4102,2.0671665915288031,0.4102,2.0490966620855033
0.4104,2.0697480100207031,0.4104,2.0503873713314533
0.4106,2.073620137758553,0.4106,2.0490966620855033
0.4108,2.0697480100207031,0.4108,2.0516780805774033
0.411,2.0697480100207031,0.411,2.0529687898233533
0.4112,2.072329428512603,0.4112,2.0516780805774033
0.4114,2.072329428512603,0.4114,2.0516780805774033
0.4116,2.072329428512603,0.4116,2.0542594990693033
0.4118,2.073620137758553,0.4118,2.0529687898233533
0.412,2.072329428512603,0.412,2.0478059528395534
0.4122,2.076201556250453,0.4122,2.0529687898233533
0.4124,2.073620137758553,0.4124,2.0529687898233533
0.4126,2.073620137758553,0.4126,2.0542594990693033
0.4128,2.072329428512603,0.4128,2.0516780805774033
0.413,2.072329428512603,0.413,2.0542594990693033
0.4132,2.074910847004503,0.4132,2.0503873713314533
0.4134,2.074910847004503,0.4134,2.0516780805774033
0.4136,2.0710387192666531,0.4136,2.0439338251017034
0.4138,2.0710387192666531,0.4138,2.0478059528395534
0.414,2.0658758822828531,0.414,2.0465152435936034
0.4142,2.0697480100207031,0.4142,2.0542594990693033
0.4144,2.0671665915288031,0.4144,2.0413524066098034
0.4146,2.0645851730369031,0.4146,2.0465152435936034
0.4148,2.0658758822828531,0.4148,2.0439338251017034
0.415,2.0671665915288031,0.415,2.0465152435936034
0.4152,2.0620037545450032,0.4152,2.0439338251017034
0.4154,2.0607130452990532,0.4154,2.0413524066098034
0.4156,2.0607130452990532,0.4156,2.0400616973638535
0.4158,2.0671665915288031,0.4158,2.0387709881179035
0.416,2.0632944637909532,0.416,2.0387709881179035
0.4162,2.0620037545450032,0.4162,2.0361895696260035
0.4164,2.0568409175612032,0.4164,2.0348988603800535
0.4166,2.0581316268071532,0.4166,2.0336081511341035
0.4168,2.0555502083152533,0.4168,2.0336081511341035
0.417,2.0555502083152533,0.417,2.0232824771665037
0.4172,2.0529687898233533,0.4172,2.0297360233962536
0.4174,2.0568409175612032,0.4174,2.0284453141503036
0.4176,2.0516780805774033,0.4176,2.0245731864124537
0.4178,2.0555502083152533,0.4178,2.0245731864124537
0.418,2.0503873713314533,0.418,2.0258638956584036
0.4182,2.0490966620855033,0.4182,2.0284453141503036
0.4184,2.0452245343476534,0.4184,2.0232824771665037
0.4186,2.0439338251017034,0.4186,2.0194103494286537
0.4188,2.0426431158557534,0.4188,2.0181196401827037
0.419,2.0452245343476534,0.419,2.0219917679205537
0.4192,2.0400616973638535,0.4192,2.0219917679205537
0.4194,2.0452245343476534,0.4194,2.0194103494286537
0.4196,2.0452245343476534,0.4196,2.0207010586746037
0.4198,2.0452245343476534,0.4198,2.0207010586746037
0.42,2.0387709881179035,0.42,2.0129568031989038
0.4202,2.0413524066098034,0.4202,2.0168289309367537
0.4204,2.0374802788719535,0.4204,2.0155382216908038
0.4206,2.0387709881179035,0.4206,2.0168289309367537
0.4208,2.0426431158557534,0.4208,2.0168289309367537
0.421,2.0387709881179035,0.421,2.0155382216908038
0.4212,2.0374802788719535,0.4212,2.0155382216908038
0.4214,2.0400616973638535,0.4214,2.0155382216908038
0.4216,2.0374802788719535,0.4216,2.0116660939529538
0.4218,2.0400616973638535,0.4218,2.0181196401827037
0.422,2.0361895696260035,0.422,2.0116660939529538
0.4222,2.0400616973638535,0.4222,2.0168289309367537
0.4224,2.0374802788719535,0.4224,2.0219917679205537
0.4226,2.0361895696260035,0.4226,2.0181196401827037
0.4228,2.0361895696260035,0.4228,2.0168289309367537
0.423,2.0361895696260035,0.423,2.0142475124448538
0.4232,2.0374802788719535,0.4232,2.0168289309367537
0.4234,2.0374802788719535,0.4234,2.0181196401827037
0.4236,2.0361895696260035,0.4236,2.0155382216908038
0.4238,2.0400616973638535,0.4238,2.0207010586746037
0.424,2.0400616973638535,0.424,2.0181196401827037
0.4242,2.0387709881179035,0.4242,2.0207010586746037
0.4244,2.0413524066098034,0.4244,2.0181196401827037
0.4246,2.0452245343476534,0.4246,2.0219917679205537
0.4248,2.0413524066098034,0.4248,2.0245731864124537
0.425,2.0465152435936034,0.425,2.0284453141503036
0.4252,2.0452245343476534,0.4252,2.0219917679205537
0.4254,2.0426431158557534,0.4254,2.0245731864124537
0.4256,2.0465152435936034,0.4256,2.0258638956584036
0.4258,2.0490966620855033,0.4258,2.0271546049043536
0.426,2.0516780805774033,0.426,2.0284453141503036
0.4262,2.0516780805774033,0.4262,2.0284453141503036
0.4264,2.0465152435936034,0.4264,2.0323174418881536
0.4266,2.0516780805774033,0.4266,2.0310267326422036
0.4268,2.0581316268071532,0.4268,2.0348988603800535
0.427,2.0594223360531032,0.427,2.0336081511341035
0.4272,2.0529687898233533,0.4272,2.0310267326422036
0.4274,2.0555502083152533,0.4274,2.0336081511341035
0.4276,2.0568409175612032,0.4276,2.0413524066098034
0.4278,2.0607130452990532,0.4278,2.0374802788719535
0.428,2.0581316268071532,0.428,2.0400616973638535
0.4282,2.0607130452990532,0.4282,2.0426431158557534
0.4284,2.0645851730369031,0.4284,2.0413524066098034
0.4286,2.0645851730369031,0.4286,2.0413524066098034
0.4288,2.0645851730369031,0.4288,2.0413524066098034
0.429,2.0710387192666531,0.429,2.0465152435936034
0.4292,2.0697480100207031,0.4292,2.0439338251017034
0.4294,2.0658758822828531,0.4294,2.0478059528395534
0.4296,2.0671665915288031,0.4296,2.0439338251017034
0.4298,2.0697480100207031,0.4298,2.0503873713314533
0.43,2.0710387192666531,0.43,2.0542594990693033
0.4302,2.0684573007747531,0.4302,2.0503873713314533
0.4304,2.072329428512603,0.4304,2.0465152435936034
0.4306,2.072329428512603,0.4306,2.0465152435936034
0.4308,2.0697480100207031,0.4308,2.0529687898233533
0.431,2.072329428512603,0.431,2.0490966620855033
0.4312,2.0710387192666531,0.4312,2.0529687898233533
0.4314,2.072329428512603,0.4314,2.0503873713314533
0.4316,2.072329428512603,0.4316,2.0503873713314533
0.4318,2.076201556250453,0.4318,2.0555502083152533
0.432,2.074910847004503,0.432,2.0516780805774033
0.4322,2.077492265496403,0.4322,2.0529687898233533
0.4324,2.077492265496403,0.4324,2.0529687898233533
0.4326,2.0710387192666531,0.4326,2.0516780805774033
0.4328,2.074910847004503,0.4328,2.0542594990693033
0.433,2.074910847004503,0.433,2.0490966620855033
0.4332,2.077492265496403,0.4332,2.0490966620855033
0.4334,2.0684573007747531,0.4334,2.0490966620855033
0.4336,2.074910847004503,0.4336,2.0529687898233533
0.4338,2.072329428512603,0.4338,2.0490966620855033
0.434,2.0671665915288031,0.434,2.0503873713314533
0.4342,2.0671665915288031,0.4342,2.0413524066098034
0.4344,2.0697480100207031,0.4344,2.0426431158557534
0.4346,2.0658758822828531,0.4346,2.0490966620855033
0.4348,2.0684573007747531,0.4348,2.0400616973638535
0.435,2.0658758822828531,0.435,2.0452245343476534
0.4352,2.0684573007747531,0.4352,2.0439338251017034
0.4354,2.0607130452990532,0.4354,2.0400616973638535
0.4356,2.0658758822828531,0.4356,2.0387709881179035
0.4358,2.0632944637909532,0.4358,2.0400616973638535
0.436,2.0607130452990532,0.436,2.0374802788719535
0.4362,2.0594223360531032,0.4362,2.0426431158557534
0.4364,2.0581316268071532,0.4364,2.0361895696260035
0.4366,2.0542594990693033,0.4366,2.0310267326422036
0.4368,2.0542594990693033,0.4368,2.0323174418881536
0.437,2.0542594990693033,0.437,2.0336081511341035
0.4372,2.0542594990693033,0.4372,2.0323174418881536
0.4374,2.0542594990693033,0.4374,2.0348988603800535
0.4376,2.0490966620855033,0.4376,2.0271546049043536
0.4378,2.0555502083152533,0.4378,2.0284453141503036
0.438,2.0478059528395534,0.438,2.0284453141503036
0.4382,2.0503873713314533,0.4382,2.0271546049043536
0.4384,2.0478059528395534,0.4384,2.0258638956584036
0.4386,2.0452245343476534,0.4386,2.0232824771665037
0.4388,2.0426431158557534,0.4388,2.0258638956584036
0.439,2.0439338251017034,0.439,2.0219917679205537
0.4392,2.0413524066098034,0.4392,2.0194103494286537
0.4394,2.0439338251017034,0.4394,2.0194103494286537
0.4396,2.0439338251017034,0.4396,2.0168289309367537
0.4398,2.0374802788719535,0.4398,2.0194103494286537
0.44,2.0426431158557534,0.44,2.0155382216908038
0.4402,2.0413524066098034,0.4402,2.0103753847070038
0.4404,2.0387709881179035,0.4404,2.0181196401827037
0.4406,2.0387709881179035,0.4406,2.0168289309367537
0.4408,2.0387709881179035,0.4408,2.0219917679205537
0.441,2.0361895696260035,0.441,2.0194103494286537
0.4412,2.0374802788719535,0.4412,2.0181196401827037
0.4414,2.0336081511341035,0.4414,2.0155382216908038
0.4416,2.0336081511341035,0.4416,2.0168289309367537
0.4418,2.0374802788719535,0.4418,2.0155382216908038
0.442,2.0361895696260035,0.442,2.0194103494286537
0.4422,2.0400616973638535,0.4422,2.0142475124448538
0.4424,2.0374802788719535,0.4424,2.0090846754610538
0.4426,2.0361895696260035,0.4426,2.0103753847070038
0.4428,2.0336081511341035,0.4428,2.0155382216908038
0.443,2.0400616973638535,0.443,2.0142475124448538
0.4432,2.0387709881179035,0.4432,2.0194103494286537
0.4434,2.0374802788719535,0.4434,2.0103753847070038
0.4436,2.0400616973638535,0.4436,2.0129568031989038
0.4438,2.0387709881179035,0.4438,2.0142475124448538
0.444,2.0413524066098034,0.444,2.0155382216908038
0.4442,2.0387709881179035,0.4442,2.0219917679205537
0.4444,2.0413524066098034,0.4444,2.0168289309367537
0.4446,2.0426431158557534,0.4446,2.0168289309367537
0.4448,2.0452245343476534,0.4448,2.0232824771665037
0.445,2.0452245343476534,0.445,2.0232824771665037
0.4452,2.0465152435936034,0.4452,2.0232824771665037
0.4454,2.0465152435936034,0.4454,2.0258638956584036
0.4456,2.0465152435936034,0.4456,2.0258638956584036
0.4458,2.0478059528395534,0.4458,2.0258638956584036
0.446,2.0503873713314533,0.446,2.0297360233962536
0.4462,2.0490966620855033,0.4462,2.0310267326422036
0.4464,2.0490966620855033,0.4464,2.0297360233962536
0.4466,2.0568409175612032,0.4466,2.0374802788719535
0.4468,2.0568409175612032,0.4468,2.0374802788719535
0.447,2.0542594990693033,0.447,2.0336081511341035
0.4472,2.0555502083152533,0.4472,2.0374802788719535
0.4474,2.0594223360531032,0.4474,2.0361895696260035
0.4476,2.0594223360531032,0.4476,2.0387709881179035
0.4478,2.0607130452990532,0.4478,2.0361895696260035
0.448,2.0581316268071532,0.448,2.0413524066098034
0.4482,2.0645851730369031,0.4482,2.0400616973638535
0.4484,2.0632944637909532,0.4484,2.0452245343476534
0.4486,2.0658758822828531,0.4486,2.0478059528395534
0.4488,2.0632944637909532,0.4488,2.0439338251017034
0.449,2.0632944637909532,0.449,2.0465152435936034
0.4492,2.072329428512603,0.4492,2.0478059528395534
0.4494,2.0658758822828531,0.4494,2.0503873713314533
0.4496,2.0710387192666531,0.4496,2.0452245343476534
0.4498,2.0710387192666531,0.4498,2.0478059528395534
0.45,2.074910847004503,0.45,2.0529687898233533
0.4502,2.0671665915288031,0.4502,2.0503873713314533
0.4504,2.0697480100207031,0.4504,2.0503873713314533
0.4506,2.072329428512603,0.4506,2.0478059528395534
0.4508,2.073620137758553,0.4508,2.0503873713314533
0.451,2.072329428512603,0.451,2.0516780805774033
0.4512,2.074910847004503,0.4512,2.0465152435936034
0.4514,2.078782974742353,0.4514,2.0503873713314533
0.4516,2.0710387192666531,0.4516,2.0465152435936034
0.4518,2.074910847004503,0.4518,2.0478059528395534
0.452,2.072329428512603,0.452,2.0516780805774033
0.4522,2.076201556250453,0.4522,2.0516780805774033
0.4524,2.0684573007747531,0.4524,2.0555502083152533
0.4526,2.076201556250453,0.4526,2.0490966620855033
0.4528,2.073620137758553,0.4528,2.0465152435936034
0.453,2.0710387192666531,0.453,2.0478059528395534
0.4532,2.0684573007747531,0.4532,2.0478059528395534
0.4534,2.072329428512603,0.4534,2.0478059528395534
0.4536,2.0697480100207031,0.4536,2.0452245343476534
0.4538,2.072329428512603,0.4538,2.0452245343476534
0.454,2.072329428512603,0.454,2.0490966620855033
0.4542,2.0671665915288031,0.4542,2.0439338251017034
0.4544,2.0697480100207031,0.4544,2.0478059528395534
0.4546,2.0684573007747531,0.4546,2.0465152435936034
0.4548,2.0645851730369031,0.4548,2.0452245343476534
0.455,2.0658758822828531,0.455,2.0426431158557534
0.4552,2.0632944637909532,0.4552,2.0413524066098034
0.4554,2.0607130452990532,0.4554,2.0387709881179035
0.4556,2.0645851730369031,0.4556,2.0400616973638535
0.4558,2.0620037545450032,0.4558,2.0387709881179035
0.456,2.0594223360531032,0.456,2.0348988603800535
0.4562,2.0594223360531032,0.4562,2.0400616973638535
0.4564,2.0542594990693033,0.4564,2.0374802788719535
0.4566,2.0555502083152533,0.4566,2.0323174418881536
0.4568,2.0581316268071532,0.4568,2.0284453141503036
0.457,2.0542594990693033,0.457,2.0348988603800535
0.4572,2.0542594990693033,0.4572,2.0323174418881536
0.4574,2.0555502083152533,0.4574,2.0361895696260035
0.4576,2.0503873713314533,0.4576,2.0310267326422036
0.4578,2.0490966620855033,0.4578,2.0284453141503036
0.458,2.0452245343476534,0.458,2.0258638956584036
0.4582,2.0503873713314533,0.4582,2.0310267326422036
0.4584,2.0452245343476534,0.4584,2.0245731864124537
0.4586,2.0413524066098034,0.4586,2.0219917679205537
0.4588,2.0452245343476534,0.4588,2.0219917679205537
0.459,2.0439338251017034,0.459,2.0219917679205537
0.4592,2.0426431158557534,0.4592,2.0219917679205537
0.4594,2.0400616973638535,0.4594,2.0219917679205537
0.4596,2.0387709881179035,0.4596,2.0194103494286537
0.4598,2.0387709881179035,0.4598,2.0194103494286537
0.46,2.0439338251017034,0.46,2.0155382216908038
0.4602,2.0413524066098034,0.4602,2.0181196401827037
0.4604,2.0400616973638535,0.4604,2.0207010586746037
0.4606,2.0336081511341035,0.4606,2.0181196401827037
0.4608,2.0400616973638535,0.4608,2.0129568031989038
0.461,2.0361895696260035,0.461,2.0142475124448538
0.4612,2.0387709881179035,0.4612,2.0181196401827037
0.4614,2.0374802788719535,0.4614,2.0168289309367537
0.4616,2.0348988603800535,0.4616,2.0155382216908038
0.4618,2.0374802788719535,0.4618,2.0168289309367537
0.462,2.0348988603800535,0.462,2.0142475124448538
0.4622,2.0348988603800535,0.4622,2.0155382216908038
0.4624,2.0387709881179035,0.4624,2.0142475124448538
0.4626,2.0374802788719535,0.4626,2.0142475124448538
0.4628,2.0361895696260035,0.4628,2.0142475124448538
0.463,2.0374802788719535,0.463,2.0142475124448538
0.4632,2.0374802788719535,0.4632,2.0194103494286537
0.4634,2.0400616973638535,0.4634,2.0181196401827037
0.4636,2.0400616973638535,0.4636,2.0194103494286537
0.4638,2.0387709881179035,0.4638,2.0181196401827037
0.464,2.0400616973638535,0.464,2.0219917679205537
0.4642,2.0413524066098034,0.4642,2.0181196401827037
0.4644,2.0439338251017034,0.4644,2.0219917679205537
0.4646,2.0439338251017034,0.4646,2.0194103494286537
0.4648,2.0452245343476534,0.4648,2.0194103494286537
0.465,2.0413524066098034,0.465,2.0207010586746037
0.4652,2.0452245343476534,0.4652,2.0194103494286537
0.4654,2.0465152435936034,0.4654,2.0258638956584036
0.4656,2.0426431158557534,0.4656,2.0245731864124537
0.4658,2.0452245343476534,0.4658,2.0245731864124537
0.466,2.0490966620855033,0.466,2.0245731864124537
0.4662,2.0490966620855033,0.4662,2.0297360233962536
0.4664,2.0503873713314533,0.4664,2.0310267326422036
0.4666,2.0516780805774033,0.4666,2.0374802788719535
0.4668,2.0529687898233533,0.4668,2.0336081511341035
0.467,2.0568409175612032,0.467,2.0284453141503036
0.4672,2.0594223360531032,0.4672,2.0413524066098034
0.4674,2.0581316268071532,0.4674,2.0323174418881536
0.4676,2.0594223360531032,0.4676,2.0374802788719535
0.4678,2.0581316268071532,0.4678,2.0374802788719535
0.468,2.0632944637909532,0.468,2.0413524066098034
0.4682,2.0645851730369031,0.4682,2.0387709881179035
0.4684,2.0671665915288031,0.4684,2.0400616973638535
0.4686,2.0645851730369031,0.4686,2.0426431158557534
0.4688,2.0632944637909532,0.4688,2.0439338251017034
0.469,2.0658758822828531,0.469,2.0465152435936034
0.4692,2.0658758822828531,0.4692,2.0478059528395534
0.4694,2.0645851730369031,0.4694,2.0452245343476534
0.4696,2.0697480100207031,0.4696,2.0452245343476534
0.4698,2.0684573007747531,0.4698,2.0465152435936034
0.47,2.0671665915288031,0.47,2.0490966620855033
0.4702,2.0697480100207031,0.4702,2.0413524066098034
0.4704,2.076201556250453,0.4704,2.0503873713314533
0.4706,2.0697480100207031,0.4706,2.0478059528395534
0.4708,2.077492265496403,0.4708,2.0478059528395534
0.471,2.072329428512603,0.471,2.0516780805774033
0.4712,2.0710387192666531,0.4712,2.0555502083152533
0.4714,2.073620137758553,0.4714,2.0478059528395534
0.4716,2.074910847004503,0.4716,2.0542594990693033
0.4718,2.0697480100207031,0.4718,2.0490966620855033
0.472,2.072329428512603,0.472,2.0503873713314533
0.4722,2.074910847004503,0.4722,2.0555502083152533
0.4724,2.0684573007747531,0.4724,2.0503873713314533
0.4726,2.072329428512603,0.4726,2.0503873713314533
0.4728,2.073620137758553,0.4728,2.0503873713314533
0.473,2.072329428512603,0.473,2.0490966620855033
0.4732,2.074910847004503,0.4732,2.0529687898233533
0.4734,2.0697480100207031,0.4734,2.0465152435936034
0.4736,2.0710387192666531,0.4736,2.0439338251017034
0.4738,2.072329428512603,0.4738,2.0439338251017034
0.474,2.0684573007747531,0.474,2.0426431158557534
0.4742,2.0684573007747531,0.4742,2.0452245343476534
0.4744,2.0671665915288031,0.4744,2.0478059528395534
0.4746,2.0684573007747531,0.4746,2.0413524066098034
0.4748,2.0671665915288031,0.4748,2.0426431158557534
0.475,2.0645851730369031,0.475,2.0439338251017034
0.4752,2.0658758822828531,0.4752,2.0426431158557534
0.4754,2.0645851730369031,0.4754,2.0439338251017034
0.4756,2.0594223360531032,0.4756,2.0374802788719535
0.4758,2.0620037545450032,0.4758,2.0387709881179035
0.476,2.0632944637909532,0.476,2.0348988603800535
0.4762,2.0568409175612032,0.4762,2.0361895696260035
0.4764,2.0620037545450032,0.4764,2.0336081511341035
0.4766,2.0581316268071532,0.4766,2.0310267326422036
0.4768,2.0542594990693033,0.4768,2.0284453141503036
0.477,2.0555502083152533,0.477,2.0284453141503036
0.4772,2.0529687898233533,0.4772,2.0284453141503036
0.4774,2.0529687898233533,0.4774,2.0271546049043536
0.4776,2.0568409175612032,0.4776,2.0284453141503036
0.4778,2.0542594990693033,0.4778,2.0271546049043536
0.478,2.0503873713314533,0.478,2.0284453141503036
0.4782,2.0465152435936034,0.4782,2.0219917679205537
0.4784,2.0490966620855033,0.4784,2.0207010586746037
0.4786,2.0413524066098034,0.4786,2.0207010586746037
0.4788,2.0478059528395534,0.4788,2.0194103494286537
0.479,2.0413524066098034,0.479,2.0219917679205537
0.4792,2.0439338251017034,0.4792,2.0207010586746037
0.4794,2.0452245343476534,0.4794,2.0232824771665037
0.4796,2.0452245343476534,0.4796,2.0181196401827037
0.4798,2.0439338251017034,0.4798,2.0168289309367537
0.48,2.0426431158557534,0.48,2.0142475124448538
0.4802,2.0374802788719535,0.4802,2.0181196401827037
0.4804,2.0413524066098034,0.4804,2.0142475124448538
0.4806,2.0426431158557534,0.4806,2.0168289309367537
0.4808,2.0387709881179035,0.4808,2.0207010586746037
0.481,2.0400616973638535,0.481,2.0103753847070038
0.4812,2.0361895696260035,0.4812,2.0142475124448538
0.4814,2.0387709881179035,0.4814,2.0103753847070038
0.4816,2.0361895696260035,0.4816,2.0116660939529538
0.4818,2.0361895696260035,0.4818,2.0129568031989038
0.482,2.0310267326422036,0.482,2.0116660939529538
0.4822,2.0374802788719535,0.4822,2.0142475124448538
0.4824,2.0323174418881536,0.4824,2.0116660939529538
0.4826,2.0374802788719535,0.4826,2.0077939662151039
0.4828,2.0374802788719535,0.4828,2.0194103494286537
0.483,2.0361895696260035,0.483,2.0103753847070038
0.4832,2.0348988603800535,0.4832,2.0116660939529538
0.4834,2.0348988603800535,0.4834,2.0168289309367537
0.4836,2.0387709881179035,0.4836,2.0129568031989038
0.4838,2.0361895696260035,0.4838,2.0155382216908038
0.484,2.0426431158557534,0.484,2.0271546049043536
0.4842,2.0400616973638535,0.4842,2.0181196401827037
0.4844,2.0452245343476534,0.4844,2.0207010586746037
0.4846,2.0426431158557534,0.4846,2.0168289309367537
0.4848,2.0439338251017034,0.4848,2.0245731864124537
0.485,2.0439338251017034,0.485,2.0219917679205537
0.4852,2.0490966620855033,0.4852,2.0232824771665037
0.4854,2.0478059528395534,0.4854,2.0232824771665037
0.4856,2.0478059528395534,0.4856,2.0258638956584036
0.4858,2.0452245343476534,0.4858,2.0271546049043536
0.486,2.0503873713314533,0.486,2.0271546049043536
0.4862,2.0503873713314533,0.4862,2.0284453141503036
0.4864,2.0503873713314533,0.4864,2.0310267326422036
0.4866,2.0529687898233533,0.4866,2.0284453141503036
0.4868,2.0542594990693033,0.4868,2.0323174418881536
0.487,2.0581316268071532,0.487,2.0387709881179035
0.4872,2.0503873713314533,0.4872,2.0348988603800535
0.4874,2.0594223360531032,0.4874,2.0348988603800535
0.4876,2.0607130452990532,0.4876,2.0439338251017034
0.4878,2.0581316268071532,0.4878,2.0387709881179035
0.488,2.0555502083152533,0.488,2.0452245343476534
0.4882,2.0620037545450032,0.4882,2.0426431158557534
0.4884,2.0658758822828531,0.4884,2.0465152435936034
0.4886,2.0645851730369031,0.4886,2.0452245343476534
0.4888,2.0620037545450032,0.4888,2.0439338251017034
0.489,2.0645851730369031,0.489,2.0426431158557534
0.4892,2.0671665915288031,0.4892,2.0452245343476534
0.4894,2.0684573007747531,0.4894,2.0426431158557534
0.4896,2.0671665915288031,0.4896,2.0452245343476534
0.4898,2.0684573007747531,0.4898,2.0542594990693033
0.49,2.0710387192666531,0.49,2.0465152435936034
0.4902,2.072329428512603,0.4902,2.0439338251017034
0.4904,2.0710387192666531,0.4904,2.0439338251017034
0.4906,2.073620137758553,0.4906,2.0529687898233533
0.4908,2.074910847004503,0.4908,2.0490966620855033
0.491,2.074910847004503,0.491,2.0490966620855033
0.4912,2.074910847004503,0.4912,2.0478059528395534
0.4914,2.074910847004503,0.4914,2.0555502083152533
0.4916,2.0697480100207031,0.4916,2.0542594990693033
0.4918,2.074910847004503,0.4918,2.0529687898233533
0.492,2.077492265496403,0.492,2.0503873713314533
0.4922,2.072329428512603,0.4922,2.0478059528395534
0.4924,2.073620137758553,0.4924,2.0503873713314533
0.4926,2.074910847004503,0.4926,2.0516780805774033
0.4928,2.072329428512603,0.4928,2.0555502083152533
0.493,2.0710387192666531,0.493,2.0529687898233533
0.4932,2.078782974742353,0.4932,2.0478059528395534
0.4934,2.074910847004503,0.4934,2.0465152435936034
0.4936,2.0684573007747531,0.4936,2.0516780805774033
0.4938,2.0710387192666531,0.4938,2.0465152435936034
0.494,2.0671665915288031,0.494,2.0490966620855033
0.4942,2.0658758822828531,0.4942,2.0478059528395534
0.4944,2.0684573007747531,0.4944,2.0413524066098034
0.4946,2.0710387192666531,0.4946,2.0465152435936034
0.4948,2.0632944637909532,0.4948,2.0387709881179035
0.495,2.0620037545450032,0.495,2.0452245343476534
0.4952,2.0645851730369031,0.4952,2.0400616973638535
0.4954,2.0710387192666531,0.4954,2.0465152435936034
0.4956,2.0594223360531032,0.4956,2.0400616973638535
0.4958,2.0632944637909532,0.4958,2.0426431158557534
0.496,2.0594223360531032,0.496,2.0361895696260035
0.4962,2.0594223360531032,0.4962,2.0413524066098034
0.4964,2.0568409175612032,0.4964,2.0284453141503036
0.4966,2.0529687898233533,0.4966,2.0336081511341035
0.4968,2.0594223360531032,0.4968,2.0361895696260035
0.497,2.0555502083152533,0.497,2.0336081511341035
0.4972,2.0529687898233533,0.4972,2.0297360233962536
0.4974,2.0503873713314533,0.4974,2.0258638956584036
0.4976,2.0529687898233533,0.4976,2.0271546049043536
0.4978,2.0516780805774033,0.4978,2.0297360233962536
0.498,2.0516780805774033,0.498,2.0245731864124537
0.4982,2.0490966620855033,0.4982,2.0245731864124537
0.4984,2.0465152435936034,0.4984,2.0245731864124537
0.4986,2.0503873713314533,0.4986,2.0219917679205537
0.4988,2.0465152435936034,0.4988,2.0207010586746037
0.499,2.0503873713314533,0.499,2.0219917679205537
0.4992,2.0439338251017034,0.4992,2.0245731864124537
0.4994,2.0426431158557534,0.4994,2.0219917679205537
0.4996,2.0413524066098034,0.4996,2.0194103494286537
0.4998,2.0400616973638535,0.4998,2.0181196401827037
0.5,2.0400616973638535,0.5,2.0129568031989038
0.5002,2.0400616973638535,0.5002,2.0155382216908038
0.5004,2.0374802788719535,0.5004,2.0155382216908038
0.5006,2.0439338251017034,0.5006,2.0155382216908038
0.5008,2.0387709881179035,0.5008,2.0116660939529538
0.501,2.0361895696260035,0.501,2.0155382216908038
0.5012,2.0348988603800535,0.5012,2.0103753847070038
0.5014,2.0348988603800535,0.5014,2.0168289309367537
0.5016,2.0323174418881536,0.5016,2.0168289309367537
0.5018,2.0374802788719535,0.5018,2.0103753847070038
0.502,2.0413524066098034,0.502,2.0155382216908038
0.5022,2.0348988603800535,0.5022,2.0142475124448538
0.5024,2.0413524066098034,0.5024,2.0155382216908038
0.5026,2.0374802788719535,0.5026,2.0155382216908038
0.5028,2.0348988603800535,0.5028,2.0181196401827037
0.503,2.0361895696260035,0.503,2.0219917679205537
0.5032,2.0374802788719535,0.5032,2.0168289309367537
0.5034,2.0374802788719535,0.5034,2.0207010586746037
0.5036,2.0400616973638535,0.5036,2.0207010586746037
0.5038,2.0413524066098034,0.5038,2.0181196401827037
0.504,2.0413524066098034,0.504,2.0142475124448538
0.5042,2.0439338251017034,0.5042,2.0219917679205537
0.5044,2.0465152435936034,0.5044,2.0219917679205537
0.5046,2.0465152435936034,0.5046,2.0219917679205537
0.5048,2.0452245343476534,0.5048,2.0271546049043536
0.505,2.0478059528395534,0.505,2.0245731864124537
0.5052,2.0452245343476534,0.5052,2.0245731864124537
0.5054,2.0490966620855033,0.5054,2.0207010586746037
0.5056,2.0478059528395534,0.5056,2.0271546049043536
0.5058,2.0490966620855033,0.5058,2.0284453141503036
0.506,2.0503873713314533,0.506,2.0284453141503036
0.5062,2.0516780805774033,0.5062,2.0271546049043536
0.5064,2.0516780805774033,0.5064,2.0310267326422036
0.5066,2.0529687898233533,0.5066,2.0348988603800535
0.5068,2.0529687898233533,0.5068,2.0323174418881536
0.507,2.0581316268071532,0.507,2.0400616973638535
0.5072,2.0607130452990532,0.5072,2.0348988603800535
0.5074,2.0568409175612032,0.5074,2.0361895696260035
0.5076,2.0607130452990532,0.5076,2.0323174418881536
0.5078,2.0632944637909532,0.5078,2.0387709881179035
0.508,2.0568409175612032,0.508,2.0452245343476534
0.5082,2.0620037545450032,0.5082,2.0452245343476534
0.5084,2.0581316268071532,0.5084,2.0413524066098034
0.5086,2.0645851730369031,0.5086,2.0439338251017034
0.5088,2.0632944637909532,0.5088,2.0439338251017034
0.509,2.0671665915288031,0.509,2.0478059528395534
0.5092,2.0684573007747531,0.5092,2.0452245343476534
0.5094,2.0671665915288031,0.5094,2.0465152435936034
0.5096,2.0658758822828531,0.5096,2.0452245343476534
0.5098,2.072329428512603,0.5098,2.0503873713314533
0.51,2.0697480100207031,0.51,2.0452245343476534
0.5102,2.0671665915288031,0.5102,2.0503873713314533
0.5104,2.0710387192666531,0.5104,2.0503873713314533
0.5106,2.074910847004503,0.5106,2.0529687898233533
0.5108,2.0697480100207031,0.5108,2.0581316268071532
0.511,2.0710387192666531,0.511,2.0555502083152533
0.5112,2.0697480100207031,0.5112,2.0503873713314533
0.5114,2.076201556250453,0.5114,2.0529687898233533
0.5116,2.073620137758553,0.5116,2.0503873713314533
0.5118,2.072329428512603,0.5118,2.0503873713314533
0.512,2.074910847004503,0.512,2.0516780805774033
0.5122,2.0684573007747531,0.5122,2.0516780805774033
0.5124,2.073620137758553,0.5124,2.0568409175612032
0.5126,2.0710387192666531,0.5126,2.0490966620855033
0.5128,2.073620137758553,0.5128,2.0516780805774033
0.513,2.0697480100207031,0.513,2.0529687898233533
0.5132,2.0710387192666531,0.5132,2.0503873713314533
0.5134,2.073620137758553,0.5134,2.0529687898233533
0.5136,2.0710387192666531,0.5136,2.0503873713314533
0.5138,2.0671665915288031,0.5138,2.0452245343476534
0.514,2.0684573007747531,0.514,2.0439338251017034
0.5142,2.0658758822828531,0.5142,2.0490966620855033
0.5144,2.0658758822828531,0.5144,2.0452245343476534
0.5146,2.0620037545450032,0.5146,2.0478059528395534
0.5148,2.0697480100207031,0.5148,2.0465152435936034
0.515,2.0645851730369031,0.515,2.0439338251017034
0.5152,2.0645851730369031,0.5152,2.0452245343476534
0.5154,2.0658758822828531,0.5154,2.0413524066098034
0.5156,2.0632944637909532,0.5156,2.0439338251017034
0.5158,2.0632944637909532,0.5158,2.0387709881179035
0.516,2.0607130452990532,0.516,2.0361895696260035
0.5162,2.0568409175612032,0.5162,2.0387709881179035
0.5164,2.0607130452990532,0.5164,2.0374802788719535
0.5166,2.0555502083152533,0.5166,2.0323174418881536
0.5168,2.0529687898233533,0.5168,2.0348988603800535
0.517,2.0581316268071532,0.517,2.0310267326422036
0.5172,2.0529687898233533,0.5172,2.0310267326422036
0.5174,2.0529687898233533,0.5174,2.0297360233962536
0.5176,2.0542594990693033,0.5176,2.0323174418881536
0.5178,2.0503873713314533,0.5178,2.0323174418881536
0.518,2.0516780805774033,0.518,2.0181196401827037
0.5182,2.0503873713314533,0.5182,2.0219917679205537
0.5184,2.0465152435936034,0.5184,2.0219917679205537
0.5186,2.0465152435936034,0.5186,2.0232824771665037
0.5188,2.0478059528395534,0.5188,2.0232824771665037
0.519,2.0426431158557534,0.519,2.0207010586746037
0.5192,2.0439338251017034,0.5192,2.0207010586746037
0.5194,2.0439338251017034,0.5194,2.0219917679205537
0.5196,2.0387709881179035,0.5196,2.0181196401827037
0.5198,2.0387709881179035,0.5198,2.0219917679205537
0.52,2.0426431158557534,0.52,2.0207010586746037
0.5202,2.0413524066098034,0.5202,2.0129568031989038
0.5204,2.0374802788719535,0.5204,2.0207010586746037
0.5206,2.0387709881179035,0.5206,2.0168289309367537
0.5208,2.0374802788719535,0.5208,2.0142475124448538
0.521,2.0387709881179035,0.521,2.0129568031989038
0.5212,2.0374802788719535,0.5212,2.0219917679205537
0.5214,2.0361895696260035,0.5214,2.0142475124448538
0.5216,2.0361895696260035,0.5216,2.0129568031989038
0.5218,2.0374802788719535,0.5218,2.0207010586746037
0.522,2.0374802788719535,0.522,2.0168289309367537
0.5222,2.0361895696260035,0.5222,2.0116660939529538
0.5224,2.0374802788719535,0.5224,2.0155382216908038
0.5226,2.0374802788719535,0.5226,2.0129568031989038
0.5228,2.0361895696260035,0.5228,2.0142475124448538
0.523,2.0387709881179035,0.523,2.0168289309367537
0.5232,2.0413524066098034,0.5232,2.0181196401827037
0.5234,2.0361895696260035,0.5234,2.0168289309367537
0.5236,2.0400616973638535,0.5236,2.0168289309367537
0.5238,2.0387709881179035,0.5238,2.0142475124448538
0.524,2.0413524066098034,0.524,2.0207010586746037
0.5242,2.0413524066098034,0.5242,2.0194103494286537
0.5244,2.0426431158557534,0.5244,2.0232824771665037
0.5246,2.0439338251017034,0.5246,2.0232824771665037
0.5248,2.0439338251017034,0.5248,2.0232824771665037
0.525,2.0413524066098034,0.525,2.0245731864124537
0.5252,2.0413524066098034,0.5252,2.0271546049043536
0.5254,2.0452245343476534,0.5254,2.0245731864124537
0.5256,2.0439338251017034,0.5256,2.0232824771665037
0.5258,2.0503873713314533,0.5258,2.0219917679205537
0.526,2.0503873713314533,0.526,2.0258638956584036
0.5262,2.0503873713314533,0.5262,2.0310267326422036
0.5264,2.0465152435936034,0.5264,2.0284453141503036
0.5266,2.0542594990693033,0.5266,2.0336081511341035
0.5268,2.0542594990693033,0.5268,2.0323174418881536
0.527,2.0568409175612032,0.527,2.0310267326422036
0.5272,2.0581316268071532,0.5272,2.0374802788719535
0.5274,2.0555502083152533,0.5274,2.0361895696260035
0.5276,2.0555502083152533,0.5276,2.0374802788719535
0.5278,2.0555502083152533,0.5278,2.0400616973638535
0.528,2.0632944637909532,0.528,2.0348988603800535
0.5282,2.0620037545450032,0.5282,2.0361895696260035
0.5284,2.0632944637909532,0.5284,2.0465152435936034
0.5286,2.0620037545450032,0.5286,2.0439338251017034
0.5288,2.0645851730369031,0.5288,2.0465152435936034
0.529,2.0671665915288031,0.529,2.0439338251017034
0.5292,2.0684573007747531,0.5292,2.0465152435936034
0.5294,2.0671665915288031,0.5294,2.0478059528395534
0.5296,2.0658758822828531,0.5296,2.0452245343476534
0.5298,2.0684573007747531,0.5298,2.0490966620855033
0.53,2.072329428512603,0.53,2.0439338251017034
0.5302,2.073620137758553,0.5302,2.0490966620855033
0.5304,2.0697480100207031,0.5304,2.0529687898233533
0.5306,2.0684573007747531,0.5306,2.0516780805774033
0.5308,2.076201556250453,0.5308,2.0490966620855033
0.531,2.073620137758553,0.531,2.0490966620855033
0.5312,2.073620137758553,0.5312,2.0478059528395534
0.5314,2.073620137758553,0.5314,2.0490966620855033
0.5316,2.072329428512603,0.5316,2.0490966620855033
0.5318,2.073620137758553,0.5318,2.0581316268071532
0.532,2.074910847004503,0.532,2.0490966620855033
0.5322,2.073620137758553,0.5322,2.0439338251017034
0.5324,2.072329428512603,0.5324,2.0529687898233533
0.5326,2.074910847004503,0.5326,2.0529687898233533
0.5328,2.073620137758553,0.5328,2.0490966620855033
0.533,2.073620137758553,0.533,2.0503873713314533
0.5332,2.0697480100207031,0.5332,2.0516780805774033
0.5334,2.0710387192666531,0.5334,2.0465152435936034
0.5336,2.072329428512603,0.5336,2.0465152435936034
0.5338,2.0710387192666531,0.5338,2.0516780805774033
0.534,2.0697480100207031,0.534,2.0490966620855033
0.5342,2.0710387192666531,0.5342,2.0490966620855033
0.5344,2.0710387192666531,0.5344,2.0478059528395534
0.5346,2.0658758822828531,0.5346,2.0426431158557534
0.5348,2.0632944637909532,0.5348,2.0387709881179035
0.535,2.0620037545450032,0.535,2.0465152435936034
0.5352,2.0658758822828531,0.5352,2.0426431158557534
0.5354,2.0632944637909532,0.5354,2.0439338251017034
0.5356,2.0594223360531032,0.5356,2.0348988603800535
0.5358,2.0607130452990532,0.5358,2.0426431158557534
0.536,2.0607130452990532,0.536,2.0374802788719535
0.5362,2.0620037545450032,0.5362,2.0348988603800535
0.5364,2.0594223360531032,0.5364,2.0361895696260035
0.5366,2.0581316268071532,0.5366,2.0336081511341035
0.5368,2.0516780805774033,0.5368,2.0323174418881536
0.537,2.0516780805774033,0.537,2.0323174418881536
0.5372,2.0516780805774033,0.5372,2.0310267326422036
0.5374,2.0516780805774033,0.5374,2.0284453141503036
0.5376,2.0529687898233533,0.5376,2.0310267326422036
0.5378,2.0490966620855033,0.5378,2.0284453141503036
0.538,2.0439338251017034,0.538,2.0297360233962536
0.5382,2.0452245343476534,0.5382,2.0207010586746037
0.5384,2.0490966620855033,0.5384,2.0258638956584036
0.5386,2.0478059528395534,0.5386,2.0258638956584036
0.5388,2.0439338251017034,0.5388,2.0219917679205537
0.539,2.0439338251017034,0.539,2.0232824771665037
0.5392,2.0413524066098034,0.5392,2.0207010586746037
0.5394,2.0465152435936034,0.5394,2.0219917679205537
0.5396,2.0452245343476534,0.5396,2.0168289309367537
0.5398,2.0413524066098034,0.5398,2.0207010586746037
0.54,2.0374802788719535,0.54,2.0155382216908038
0.5402,2.0400616973638535,0.5402,2.0194103494286537
0.5404,2.0413524066098034,0.5404,2.0168289309367537
0.5406,2.0387709881179035,0.5406,2.0194103494286537
0.5408,2.0361895696260035,0.5408,2.0155382216908038
0.541,2.0361895696260035,0.541,2.0116660939529538
0.5412,2.0348988603800535,0.5412,2.0103753847070038
0.5414,2.0374802788719535,0.5414,2.0155382216908038
0.5416,2.0374802788719535,0.5416,2.0116660939529538
0.5418,2.0323174418881536,0.5418,2.0142475124448538
0.542,2.0361895696260035,0.542,2.0155382216908038
0.5422,2.0348988603800535,0.5422,2.0129568031989038
0.5424,2.0323174418881536,0.5424,2.0181196401827037
0.5426,2.0374802788719535,0.5426,2.0155382216908038
0.5428,2.0361895696260035,0.5428,2.0181196401827037
0.543,2.0361895696260035,0.543,2.0181196401827037
0.5432,2.0387709881179035,0.5432,2.0116660939529538
0.5434,2.0348988603800535,0.5434,2.0219917679205537
0.5436,2.0361895696260035,0.5436,2.0168289309367537
0.5438,2.0400616973638535,0.5438,2.0181196401827037
0.544,2.0413524066098034,0.544,2.0207010586746037
0.5442,2.0426431158557534,0.5442,2.0194103494286537
0.5444,2.0400616973638535,0.5444,2.0219917679205537
0.5446,2.0426431158557534,0.5446,2.0245731864124537
0.5448,2.0465152435936034,0.5448,2.0219917679205537
0.545,2.0426431158557534,0.545,2.0207010586746037
0.5452,2.0439338251017034,0.5452,2.0232824771665037
0.5454,2.0426431158557534,0.5454,2.0245731864124537
0.5456,2.0465152435936034,0.5456,2.0258638956584036
0.5458,2.0465152435936034,0.5458,2.0297360233962536
0.546,2.0490966620855033,0.546,2.0258638956584036
0.5462,2.0516780805774033,0.5462,2.0297360233962536
0.5464,2.0516780805774033,0.5464,2.0336081511341035
0.5466,2.0516780805774033,0.5466,2.0297360233962536
0.5468,2.0542594990693033,0.5468,2.0297360233962536
0.547,2.0568409175612032,0.547,2.0310267326422036
0.5472,2.0555502083152533,0.5472,2.0374802788719535
0.5474,2.0568409175612032,0.5474,2.0387709881179035
0.5476,2.0607130452990532,0.5476,2.0361895696260035
0.5478,2.0594223360531032,0.5478,2.0361895696260035
0.548,2.0594223360531032,0.548,2.0387709881179035
0.5482,2.0581316268071532,0.5482,2.0426431158557534
0.5484,2.0620037545450032,0.5484,2.0413524066098034
0.5486,2.0671665915288031,0.5486,2.0413524066098034
0.5488,2.0658758822828531,0.5488,2.0426431158557534
0.549,2.0684573007747531,0.549,2.0465152435936034
0.5492,2.0710387192666531,0.5492,2.0478059528395534
0.5494,2.0671665915288031,0.5494,2.0426431158557534
0.5496,2.0697480100207031,0.5496,2.0503873713314533
0.5498,2.0710387192666531,0.5498,2.0426431158557534
0.55,2.0684573007747531,0.55,2.0503873713314533
0.5502,2.0671665915288031,0.5502,2.0490966620855033
0.5504,2.0671665915288031,0.5504,2.0503873713314533
0.5506,2.0697480100207031,0.5506,2.0516780805774033
0.5508,2.0697480100207031,0.5508,2.0478059528395534
0.551,2.0710387192666531,0.551,2.0516780805774033
0.5512,2.0710387192666531,0.5512,2.0555502083152533
0.5514,2.072329428512603,0.5514,2.0465152435936034
0.5516,2.0697480100207031,0.5516,2.0542594990693033
0.5518,2.073620137758553,0.5518,2.0516780805774033
0.552,2.073620137758553,0.552,2.0452245343476534
0.5522,2.073620137758553,0.5522,2.0490966620855033
0.5524,2.0697480100207031,0.5524,2.0529687898233533
0.5526,2.072329428512603,0.5526,2.0516780805774033
0.5528,2.072329428512603,0.5528,2.0555502083152533
0.553,2.0697480100207031,0.553,2.0516780805774033
0.5532,2.074910847004503,0.5532,2.0503873713314533
0.5534,2.073620137758553,0.5534,2.0529687898233533
0.5536,2.0697480100207031,0.5536,2.0478059528395534
0.5538,2.0671665915288031,0.5538,2.0465152435936034
0.554,2.0671665915288031,0.554,2.0529687898233533
0.5542,2.0684573007747531,0.5542,2.0478059528395534
0.5544,2.0710387192666531,0.5544,2.0400616973638535
0.5546,2.0671665915288031,0.5546,2.0465152435936034
0.5548,2.0645851730369031,0.5548,2.0478059528395534
0.555,2.0684573007747531,0.555,2.0478059528395534
0.5552,2.0632944637909532,0.5552,2.0452245343476534
0.5554,2.0594223360531032,0.5554,2.0465152435936034
0.5556,2.0671665915288031,0.5556,2.0400616973638535
0.5558,2.0607130452990532,0.5558,2.0374802788719535
0.556,2.0607130452990532,0.556,2.0426431158557534
0.5562,2.0581316268071532,0.5562,2.0374802788719535
0.5564,2.0568409175612032,0.5564,2.0361895696260035
0.5566,2.0555502083152533,0.5566,2.0323174418881536
0.5568,2.0568409175612032,0.5568,2.0336081511341035
0.557,2.0542594990693033,0.557,2.0348988603800535
0.5572,2.0542594990693033,0.5572,2.0323174418881536
0.5574,2.0516780805774033,0.5574,2.0310267326422036
0.5576,2.0529687898233533,0.5576,2.0323174418881536
0.5578,2.0503873713314533,0.5578,2.0271546049043536
0.558,2.0490966620855033,0.558,2.0271546049043536
0.5582,2.0478059528395534,0.5582,2.0258638956584036
0.5584,2.0452245343476534,0.5584,2.0232824771665037
0.5586,2.0465152435936034,0.5586,2.0232824771665037
0.5588,2.0426431158557534,0.5588,2.0207010586746037
0.559,2.0439338251017034,0.559,2.0232824771665037
0.5592,2.0413524066098034,0.5592,2.0207010586746037
0.5594,2.0413524066098034,0.5594,2.0207010586746037
0.5596,2.0400616973638535,0.5596,2.0219917679205537
0.5598,2.0361895696260035,0.5598,2.0181196401827037
0.56,2.0400616973638535,0.56,2.0194103494286537
0.5602,2.0387709881179035,0.5602,2.0168289309367537
0.5604,2.0374802788719535,0.5604,2.0194103494286537
0.5606,2.0374802788719535,0.5606,2.0181196401827037
0.5608,2.0361895696260035,0.5608,2.0168289309367537
0.561,2.0400616973638535,0.561,2.0155382216908038
0.5612,2.0361895696260035,0.5612,2.0155382216908038
0.5614,2.0348988603800535,0.5614,2.0155382216908038
0.5616,2.0348988603800535,0.5616,2.0090846754610538
0.5618,2.0348988603800535,0.5618,2.0168289309367537
0.562,2.0336081511341035,0.562,2.0155382216908038
0.5622,2.0323174418881536,0.5622,2.0142475124448538
0.5624,2.0348988603800535,0.5624,2.0116660939529538
0.5626,2.0361895696260035,0.5626,2.0155382216908038
0.5628,2.0361895696260035,0.5628,2.0155382216908038
0.563,2.0374802788719535,0.563,2.0142475124448538
0.5632,2.0374802788719535,0.5632,2.0142475124448538
0.5634,2.0374802788719535,0.5634,2.0129568031989038
0.5636,2.0426431158557534,0.5636,2.0181196401827037
0.5638,2.0387709881179035,0.5638,2.0194103494286537
0.564,2.0374802788719535,0.564,2.0181196401827037
0.5642,2.0413524066098034,0.5642,2.0258638956584036
0.5644,2.0413524066098034,0.5644,2.0245731864124537
0.5646,2.0439338251017034,0.5646,2.0271546049043536
0.5648,2.0426431158557534,0.5648,2.0245731864124537
0.565,2.0439338251017034,0.565,2.0232824771665037
0.5652,2.0426431158557534,0.5652,2.0245731864124537
0.5654,2.0439338251017034,0.5654,2.0297360233962536
0.5656,2.0439338251017034,0.5656,2.0336081511341035
0.5658,2.0465152435936034,0.5658,2.0310267326422036
0.566,2.0478059528395534,0.566,2.0348988603800535
0.5662,2.0478059528395534,0.5662,2.0245731864124537
0.5664,2.0503873713314533,0.5664,2.0336081511341035
0.5666,2.0542594990693033,0.5666,2.0297360233962536
0.5668,2.0542594990693033,0.5668,2.0310267326422036
0.567,2.0542594990693033,0.567,2.0348988603800535
0.5672,2.0542594990693033,0.5672,2.0323174418881536
0.5674,2.0568409175612032,0.5674,2.0387709881179035
0.5676,2.0594223360531032,0.5676,2.0426431158557534
0.5678,2.0620037545450032,0.5678,2.0439338251017034
0.568,2.0607130452990532,0.568,2.0374802788719535
0.5682,2.0607130452990532,0.5682,2.0439338251017034
0.5684,2.0658758822828531,0.5684,2.0361895696260035
0.5686,2.0632944637909532,0.5686,2.0439338251017034
0.5688,2.0658758822828531,0.5688,2.0426431158557534
0.569,2.0671665915288031,0.569,2.0439338251017034
0.5692,2.0697480100207031,0.5692,2.0452245343476534
0.5694,2.0671665915288031,0.5694,2.0503873713314533
0.5696,2.0697480100207031,0.5696,2.0465152435936034
0.5698,2.0710387192666531,0.5698,2.0465152435936034
0.57,2.0710387192666531,0.57,2.0503873713314533
0.5702,2.0710387192666531,0.5702,2.0503873713314533
0.5704,2.072329428512603,0.5704,2.0516780805774033
0.5706,2.074910847004503,0.5706,2.0529687898233533
0.5708,2.073620137758553,0.5708,2.0490966620855033
0.571,2.073620137758553,0.571,2.0516780805774033
0.5712,2.073620137758553,0.5712,2.0490966620855033
0.5714,2.0697480100207031,0.5714,2.0503873713314533
0.5716,2.073620137758553,0.5716,2.0555502083152533
0.5718,2.073620137758553,0.5718,2.0503873713314533
0.572,2.073620137758553,0.572,2.0516780805774033
0.5722,2.073620137758553,0.5722,2.0529687898233533
0.5724,2.073620137758553,0.5724,2.0478059528395534
0.5726,2.072329428512603,0.5726,2.0516780805774033
0.5728,2.074910847004503,0.5728,2.0529687898233533
0.573,2.073620137758553,0.573,2.0529687898233533
0.5732,2.0710387192666531,0.5732,2.0555502083152533
0.5734,2.073620137758553,0.5734,2.0516780805774033
0.5736,2.0684573007747531,0.5736,2.0529687898233533
0.5738,2.0684573007747531,0.5738,2.0478059528395534
0.574,2.072329428512603,0.574,2.0478059528395534
0.5742,2.0632944637909532,0.5742,2.0452245343476534
0.5744,2.0671665915288031,0.5744,2.0426431158557534
0.5746,2.0645851730369031,0.5746,2.0452245343476534
0.5748,2.0607130452990532,0.5748,2.0452245343476534
0.575,2.0658758822828531,0.575,2.0387709881179035
0.5752,2.0658758822828531,0.5752,2.0387709881179035
0.5754,2.0632944637909532,0.5754,2.0387709881179035
0.5756,2.0620037545450032,0.5756,2.0400616973638535
0.5758,2.0607130452990532,0.5758,2.0361895696260035
0.576,2.0607130452990532,0.576,2.0439338251017034
0.5762,2.0594223360531032,0.5762,2.0374802788719535
0.5764,2.0594223360531032,0.5764,2.0361895696260035
0.5766,2.0542594990693033,0.5766,2.0297360233962536
0.5768,2.0620037545450032,0.5768,2.0336081511341035
0.577,2.0529687898233533,0.577,2.0336081511341035
0.5772,2.0555502083152533,0.5772,2.0297360233962536
0.5774,2.0529687898233533,0.5774,2.0310267326422036
0.5776,2.0503873713314533,0.5776,2.0284453141503036
0.5778,2.0529687898233533,0.5778,2.0271546049043536
0.578,2.0465152435936034,0.578,2.0258638956584036
0.5782,2.0465152435936034,0.5782,2.0232824771665037
0.5784,2.0490966620855033,0.5784,2.0181196401827037
0.5786,2.0478059528395534,0.5786,2.0207010586746037
0.5788,2.0452245343476534,0.5788,2.0245731864124537
0.579,2.0426431158557534,0.579,2.0219917679205537
0.5792,2.0426431158557534,0.5792,2.0219917679205537
0.5794,2.0426431158557534,0.5794,2.0181196401827037
0.5796,2.0452245343476534,0.5796,2.0194103494286537
0.5798,2.0439338251017034,0.5798,2.0181196401827037
0.58,2.0439338251017034,0.58,2.0219917679205537
0.5802,2.0413524066098034,0.5802,2.0168289309367537
0.5804,2.0413524066098034,0.5804,2.0181196401827037
0.5806,2.0413524066098034,0.5806,2.0181196401827037
0.5808,2.0387709881179035,0.5808,2.0168289309367537
0.581,2.0400616973638535,0.581,2.0194103494286537
0.5812,2.0387709881179035,0.5812,2.0168289309367537
0.5814,2.0387709881179035,0.5814,2.0194103494286537
0.5816,2.0361895696260035,0.5816,2.0168289309367537
0.5818,2.0336081511341035,0.5818,2.0129568031989038
0.582,2.0310267326422036,0.582,2.0103753847070038
0.5822,2.0361895696260035,0.5822,2.0155382216908038
0.5824,2.0348988603800535,0.5824,2.0168289309367537
0.5826,2.0361895696260035,0.5826,2.0181196401827037
0.5828,2.0387709881179035,0.5828,2.0129568031989038
0.583,2.0413524066098034,0.583,2.0194103494286537
0.5832,2.0361895696260035,0.5832,2.0155382216908038
0.5834,2.0374802788719535,0.5834,2.0142475124448538
0.5836,2.0400616973638535,0.5836,2.0207010586746037
0.5838,2.0400616973638535,0.5838,2.0194103494286537
0.584,2.0400616973638535,0.584,2.0181196401827037
0.5842,2.0452245343476534,0.5842,2.0207010586746037
0.5844,2.0478059528395534,0.5844,2.0219917679205537
0.5846,2.0439338251017034,0.5846,2.0219917679205537
0.5848,2.0413524066098034,0.5848,2.0219917679205537
0.585,2.0413524066098034,0.585,2.0232824771665037
0.5852,2.0426431158557534,0.5852,2.0232824771665037
0.5854,2.0465152435936034,0.5854,2.0258638956584036
0.5856,2.0465152435936034,0.5856,2.0271546049043536
0.5858,2.0478059528395534,0.5858,2.0271546049043536
0.586,2.0452245343476534,0.586,2.0232824771665037
0.5862,2.0503873713314533,0.5862,2.0271546049043536
0.5864,2.0490966620855033,0.5864,2.0323174418881536
0.5866,2.0516780805774033,0.5866,2.0361895696260035
0.5868,2.0581316268071532,0.5868,2.0336081511341035
0.587,2.0568409175612032,0.587,2.0336081511341035
0.5872,2.0529687898233533,0.5872,2.0348988603800535
0.5874,2.0568409175612032,0.5874,2.0387709881179035
0.5876,2.0581316268071532,0.5876,2.0387709881179035
0.5878,2.0620037545450032,0.5878,2.0413524066098034
0.588,2.0620037545450032,0.588,2.0413524066098034
0.5882,2.0620037545450032,0.5882,2.0426431158557534
0.5884,2.0645851730369031,0.5884,2.0387709881179035
0.5886,2.0658758822828531,0.5886,2.0439338251017034
0.5888,2.0620037545450032,0.5888,2.0439338251017034
0.589,2.0645851730369031,0.589,2.0439338251017034
0.5892,2.0645851730369031,0.5892,2.0413524066098034
0.5894,2.0671665915288031,0.5894,2.0465152435936034
0.5896,2.0671665915288031,0.5896,2.0478059528395534
0.5898,2.072329428512603,0.5898,2.0478059528395534
0.59,2.0697480100207031,0.59,2.0529687898233533
0.5902,2.0710387192666531,0.5902,2.0452245343476534
0.5904,2.073620137758553,0.5904,2.0490966620855033
0.5906,2.074910847004503,0.5906,2.0478059528395534
0.5908,2.0684573007747531,0.5908,2.0490966620855033
0.591,2.073620137758553,0.591,2.0490966620855033
0.5912,2.072329428512603,0.5912,2.0478059528395534
0.5914,2.073620137758553,0.5914,2.0529687898233533
0.5916,2.0710387192666531,0.5916,2.0490966620855033
0.5918,2.073620137758553,0.5918,2.0516780805774033
0.592,2.076201556250453,0.592,2.0503873713314533
0.5922,2.0710387192666531,0.5922,2.0490966620855033
0.5924,2.073620137758553,0.5924,2.0503873713314533
0.5926,2.074910847004503,0.5926,2.0452245343476534
0.5928,2.0697480100207031,0.5928,2.0516780805774033
0.593,2.0710387192666531,0.593,2.0503873713314533
0.5932,2.074910847004503,0.5932,2.0490966620855033
0.5934,2.0684573007747531,0.5934,2.0516780805774033
0.5936,2.073620137758553,0.5936,2.0516780805774033
0.5938,2.073620137758553,0.5938,2.0490966620855033
0.594,2.0684573007747531,0.594,2.0490966620855033
0.5942,2.074910847004503,0.5942,2.0452245343476534
0.5944,2.0697480100207031,0.5944,2.0478059528395534
0.5946,2.0658758822828531,0.5946,2.0439338251017034
0.5948,2.0658758822828531,0.5948,2.0452245343476534
0.595,2.0645851730369031,0.595,2.0452245343476534
0.5952,2.0658758822828531,0.5952,2.0490966620855033
0.5954,2.0658758822828531,0.5954,2.0387709881179035
0.5956,2.0632944637909532,0.5956,2.0413524066098034
0.5958,2.0620037545450032,0.5958,2.0452245343476534
0.596,2.0607130452990532,0.596,2.0336081511341035
0.5962,2.0632944637909532,0.5962,2.0374802788719535
0.5964,2.0568409175612032,0.5964,2.0374802788719535
0.5966,2.0555502083152533,0.5966,2.0310267326422036
0.5968,2.0555502083152533,0.5968,2.0323174418881536
0.597,2.0529687898233533,0.597,2.0284453141503036
0.5972,2.0568409175612032,0.5972,2.0297360233962536
0.5974,2.0490966620855033,0.5974,2.0310267326422036
0.5976,2.0555502083152533,0.5976,2.0323174418881536
0.5978,2.0503873713314533,0.5978,2.0284453141503036
0.598,2.0503873713314533,0.598,2.0245731864124537
0.5982,2.0478059528395534,0.5982,2.0271546049043536
0.5984,2.0478059528395534,0.5984,2.0232824771665037
0.5986,2.0465152435936034,0.5986,2.0232824771665037
0.5988,2.0387709881179035,0.5988,2.0258638956584036
0.599,2.0426431158557534,0.599,2.0232824771665037
0.5992,2.0439338251017034,0.5992,2.0194103494286537
0.5994,2.0426431158557534,0.5994,2.0232824771665037
0.5996,2.0426431158557534,0.5996,2.0181196401827037
0.5998,2.0374802788719535,0.5998,2.0155382216908038
0.6,2.0374802788719535,0.6,2.0142475124448538
0.6002,2.0400616973638535,0.6002,2.0194103494286537
0.6004,2.0400616973638535,0.6004,2.0181196401827037
0.6006,2.0374802788719535,0.6006,2.0168289309367537
0.6008,2.0374802788719535,0.6008,2.0181196401827037
0.601,2.0361895696260035,0.601,2.0194103494286537
0.6012,2.0387709881179035,0.6012,2.0168289309367537
0.6014,2.0387709881179035,0.6014,2.0155382216908038
0.6016,2.0336081511341035,0.6016,2.0065032569691539
0.6018,2.0348988603800535,0.6018,2.0194103494286537
0.602,2.0348988603800535,0.602,2.0181196401827037
0.6022,2.0361895696260035,0.6022,2.0103753847070038
0.6024,2.0400616973638535,0.6024,2.0168289309367537
0.6026,2.0361895696260035,0.6026,2.0155382216908038
0.6028,2.0374802788719535,0.6028,2.0129568031989038
0.603,2.0374802788719535,0.603,2.0168289309367537
0.6032,2.0400616973638535,0.6032,2.0129568031989038
0.6034,2.0361895696260035,0.6034,2.0168289309367537
0.6036,2.0413524066098034,0.6036,2.0129568031989038
0.6038,2.0348988603800535,0.6038,2.0207010586746037
0.604,2.0465152435936034,0.604,2.0168289309367537
0.6042,2.0452245343476534,0.6042,2.0207010586746037
0.6044,2.0426431158557534,0.6044,2.0232824771665037
0.6046,2.0465152435936034,0.6046,2.0271546049043536
0.6048,2.0465152435936034,0.6048,2.0219917679205537
0.605,2.0439338251017034,0.605,2.0232824771665037
0.6052,2.0439338251017034,0.6052,2.0245731864124537
0.6054,2.0465152435936034,0.6054,2.0194103494286537
0.6056,2.0452245343476534,0.6056,2.0232824771665037
0.6058,2.0439338251017034,0.6058,2.0297360233962536
0.606,2.0490966620855033,0.606,2.0258638956584036
0.6062,2.0542594990693033,0.6062,2.0297360233962536
0.6064,2.0516780805774033,0.6064,2.0310267326422036
0.6066,2.0516780805774033,0.6066,2.0310267326422036
0.6068,2.0529687898233533,0.6068,2.0348988603800535
0.607,2.0568409175612032,0.607,2.0336081511341035
0.6072,2.0529687898233533,0.6072,2.0348988603800535
0.6074,2.0594223360531032,0.6074,2.0374802788719535
0.6076,2.0607130452990532,0.6076,2.0374802788719535
0.6078,2.0581316268071532,0.6078,2.0374802788719535
0.608,2.0632944637909532,0.608,2.0413524066098034
0.6082,2.0632944637909532,0.6082,2.0413524066098034
0.6084,2.0697480100207031,0.6084,2.0426431158557534
0.6086,2.0632944637909532,0.6086,2.0426431158557534
0.6088,2.0658758822828531,0.6088,2.0426431158557534
0.609,2.0671665915288031,0.609,2.0465152435936034
0.6092,2.0684573007747531,0.6092,2.0439338251017034
0.6094,2.0658758822828531,0.6094,2.0465152435936034
0.6096,2.0684573007747531,0.6096,2.0452245343476534
0.6098,2.0710387192666531,0.6098,2.0465152435936034
0.61,2.072329428512603,0.61,2.0529687898233533
0.6102,2.0697480100207031,0.6102,2.0529687898233533
0.6104,2.0710387192666531,0.6104,2.0490966620855033
0.6106,2.072329428512603,0.6106,2.0490966620855033
0.6108,2.074910847004503,0.6108,2.0490966620855033
0.611,2.073620137758553,0.611,2.0465152435936034
0.6112,2.072329428512603,0.6112,2.0490966620855033
0.6114,2.072329428512603,0.6114,2.0503873713314533
0.6116,2.0710387192666531,0.6116,2.0490966620855033
0.6118,2.076201556250453,0.6118,2.0542594990693033
0.612,2.077492265496403,0.612,2.0490966620855033
0.6122,2.074910847004503,0.6122,2.0516780805774033
0.6124,2.072329428512603,0.6124,2.0503873713314533
0.6126,2.077492265496403,0.6126,2.0503873713314533
0.6128,2.072329428512603,0.6128,2.0516780805774033
0.613,2.073620137758553,0.613,2.0490966620855033
0.6132,2.0697480100207031,0.6132,2.0490966620855033
0.6134,2.0710387192666531,0.6134,2.0478059528395534
0.6136,2.073620137758553,0.6136,2.0503873713314533
0.6138,2.0710387192666531,0.6138,2.0439338251017034
0.614,2.0697480100207031,0.614,2.0465152435936034
0.6142,2.0710387192666531,0.6142,2.0478059528395534
0.6144,2.0658758822828531,0.6144,2.0426431158557534
0.6146,2.0671665915288031,0.6146,2.0465152435936034
0.6148,2.0671665915288031,0.6148,2.0439338251017034
0.615,2.0658758822828531,0.615,2.0413524066098034
0.6152,2.0632944637909532,0.6152,2.0439338251017034
0.6154,2.0632944637909532,0.6154,2.0400616973638535
0.6156,2.0607130452990532,0.6156,2.0400616973638535
0.6158,2.0632944637909532,0.6158,2.0387709881179035
0.616,2.0581316268071532,0.616,2.0400616973638535
0.6162,2.0594223360531032,0.6162,2.0426431158557534
0.6164,2.0581316268071532,0.6164,2.0323174418881536
0.6166,2.0529687898233533,0.6166,2.0336081511341035
0.6168,2.0542594990693033,0.6168,2.0348988603800535
0.617,2.0529687898233533,0.617,2.0336081511341035
0.6172,2.0542594990693033,0.6172,2.0323174418881536
0.6174,2.0529687898233533,0.6174,2.0297360233962536
0.6176,2.0516780805774033,0.6176,2.0284453141503036
0.6178,2.0490966620855033,0.6178,2.0271546049043536
0.618,2.0465152435936034,0.618,2.0245731864124537
0.6182,2.0478059528395534,0.6182,2.0284453141503036
0.6184,2.0426431158557534,0.6184,2.0219917679205537
0.6186,2.0478059528395534,0.6186,2.0271546049043536
0.6188,2.0478059528395534,0.6188,2.0232824771665037
0.619,2.0465152435936034,0.619,2.0207010586746037
0.6192,2.0426431158557534,0.6192,2.0232824771665037
0.6194,2.0439338251017034,0.6194,2.0219917679205537
0.6196,2.0413524066098034,0.6196,2.0194103494286537
0.6198,2.0400616973638535,0.6198,2.0207010586746037
0.62,2.0413524066098034,0.62,2.0142475124448538
0.6202,2.0400616973638535,0.6202,2.0194103494286537
0.6204,2.0387709881179035,0.6204,2.0142475124448538
0.6206,2.0387709881179035,0.6206,2.0142475124448538
0.6208,2.0413524066098034,0.6208,2.0181196401827037
0.621,2.0374802788719535,0.621,2.0181196401827037
0.6212,2.0361895696260035,0.6212,2.0232824771665037
0.6214,2.0400616973638535,0.6214,2.0155382216908038
0.6216,2.0348988603800535,0.6216,2.0168289309367537
0.6218,2.0348988603800535,0.6218,2.0194103494286537
0.622,2.0310267326422036,0.622,2.0168289309367537
0.6222,2.0348988603800535,0.6222,2.0219917679205537
0.6224,2.0387709881179035,0.6224,2.0181196401827037
0.6226,2.0361895696260035,0.6226,2.0142475124448538
0.6228,2.0374802788719535,0.6228,2.0155382216908038
0.623,2.0374802788719535,0.623,2.0194103494286537
0.6232,2.0323174418881536,0.6232,2.0194103494286537
0.6234,2.0387709881179035,0.6234,2.0168289309367537
0.6236,2.0374802788719535,0.6236,2.0219917679205537
0.6238,2.0400616973638535,0.6238,2.0181196401827037
0.624,2.0439338251017034,0.624,2.0245731864124537
0.6242,2.0439338251017034,0.6242,2.0207010586746037
0.6244,2.0439338251017034,0.6244,2.0194103494286537
0.6246,2.0426431158557534,0.6246,2.0232824771665037
0.6248,2.0452245343476534,0.6248,2.0219917679205537
0.625,2.0465152435936034,0.625,2.0232824771665037
0.6252,2.0465152435936034,0.6252,2.0258638956584036
0.6254,2.0452245343476534,0.6254,2.0284453141503036
0.6256,2.0516780805774033,0.6256,2.0232824771665037
0.6258,2.0490966620855033,0.6258,2.0271546049043536
0.626,2.0542594990693033,0.626,2.0310267326422036
0.6262,2.0529687898233533,0.6262,2.0258638956584036
0.6264,2.0542594990693033,0.6264,2.0245731864124537
0.6266,2.0542594990693033,0.6266,2.0323174418881536
0.6268,2.0516780805774033,0.6268,2.0348988603800535
0.627,2.0568409175612032,0.627,2.0310267326422036
0.6272,2.0555502083152533,0.6272,2.0361895696260035
0.6274,2.0594223360531032,0.6274,2.0348988603800535
0.6276,2.0555502083152533,0.6276,2.0387709881179035
0.6278,2.0581316268071532,0.6278,2.0336081511341035
0.628,2.0607130452990532,0.628,2.0439338251017034
0.6282,2.0620037545450032,0.6282,2.0413524066098034
0.6284,2.0645851730369031,0.6284,2.0439338251017034
0.6286,2.0632944637909532,0.6286,2.0400616973638535
0.6288,2.0658758822828531,0.6288,2.0465152435936034
0.629,2.0671665915288031,0.629,2.0439338251017034
0.6292,2.0684573007747531,0.6292,2.0439338251017034
0.6294,2.0697480100207031,0.6294,2.0490966620855033
0.6296,2.0710387192666531,0.6296,2.0465152435936034
0.6298,2.0697480100207031,0.6298,2.0478059528395534
0.63,2.072329428512603,0.63,2.0490966620855033
0.6302,2.0697480100207031,0.6302,2.0503873713314533
0.6304,2.0684573007747531,0.6304,2.0490966620855033
0.6306,2.072329428512603,0.6306,2.0555502083152533
0.6308,2.0671665915288031,0.6308,2.0529687898233533
0.631,2.0697480100207031,0.631,2.0490966620855033
0.6312,2.073620137758553,0.6312,2.0465152435936034
0.6314,2.072329428512603,0.6314,2.0516780805774033
0.6316,2.0684573007747531,0.6316,2.0555502083152533
0.6318,2.072329428512603,0.6318,2.0503873713314533
0.632,2.074910847004503,0.632,2.0478059528395534
0.6322,2.076201556250453,0.6322,2.0503873713314533
0.6324,2.0671665915288031,0.6324,2.0503873713314533
0.6326,2.073620137758553,0.6326,2.0490966620855033
0.6328,2.0710387192666531,0.6328,2.0478059528395534
0.633,2.072329428512603,0.633,2.0516780805774033
0.6332,2.072329428512603,0.6332,2.0516780805774033
0.6334,2.0710387192666531,0.6334,2.0503873713314533
0.6336,2.0684573007747531,0.6336,2.0516780805774033
0.6338,2.072329428512603,0.6338,2.0439338251017034
0.634,2.0645851730369031,0.634,2.0478059528395534
0.6342,2.0684573007747531,0.6342,2.0478059528395534
0.6344,2.0658758822828531,0.6344,2.0490966620855033
0.6346,2.0658758822828531,0.6346,2.0465152435936034
0.6348,2.0671665915288031,0.6348,2.0439338251017034
0.635,2.0620037545450032,0.635,2.0426431158557534
0.6352,2.0632944637909532,0.6352,2.0439338251017034
0.6354,2.0620037545450032,0.6354,2.0413524066098034
0.6356,2.0581316268071532,0.6356,2.0426431158557534
0.6358,2.0645851730369031,0.6358,2.0374802788719535
0.636,2.0607130452990532,0.636,2.0413524066098034
0.6362,2.0581316268071532,0.6362,2.0413524066098034
0.6364,2.0581316268071532,0.6364,2.0361895696260035
0.6366,2.0581316268071532,0.6366,2.0361895696260035
0.6368,2.0594223360531032,0.6368,2.0310267326422036
0.637,2.0555502083152533,0.637,2.0336081511341035
0.6372,2.0529687898233533,0.6372,2.0336081511341035
0.6374,2.0516780805774033,0.6374,2.0348988603800535
0.6376,2.0503873713314533,0.6376,2.0245731864124537
0.6378,2.0503873713314533,0.6378,2.0232824771665037
0.638,2.0503873713314533,0.638,2.0284453141503036
0.6382,2.0516780805774033,0.6382,2.0245731864124537
0.6384,2.0465152435936034,0.6384,2.0245731864124537
0.6386,2.0465152435936034,0.6386,2.0232824771665037
0.6388,2.0439338251017034,0.6388,2.0207010586746037
0.639,2.0426431158557534,0.639,2.0232824771665037
0.6392,2.0387709881179035,0.6392,2.0194103494286537
0.6394,2.0387709881179035,0.6394,2.0207010586746037
0.6396,2.0413524066098034,0.6396,2.0207010586746037
0.6398,2.0387709881179035,0.6398,2.0219917679205537
0.64,2.0387709881179035,0.64,2.0194103494286537
0.6402,2.0426431158557534,0.6402,2.0168289309367537
0.6404,2.0426431158557534,0.6404,2.0181196401827037
0.6406,2.0387709881179035,0.6406,2.0181196401827037
0.6408,2.0400616973638535,0.6408,2.0142475124448538
0.641,2.0361895696260035,0.641,2.0207010586746037
0.6412,2.0426431158557534,0.6412,2.0142475124448538
0.6414,2.0348988603800535,0.6414,2.0155382216908038
0.6416,2.0361895696260035,0.6416,2.0129568031989038
0.6418,2.0361895696260035,0.6418,2.0155382216908038
0.642,2.0387709881179035,0.642,2.0181196401827037
0.6422,2.0348988603800535,0.6422,2.0168289309367537
0.6424,2.0361895696260035,0.6424,2.0219917679205537
0.6426,2.0400616973638535,0.6426,2.0142475124448538
0.6428,2.0374802788719535,0.6428,2.0129568031989038
0.643,2.0387709881179035,0.643,2.0181196401827037
0.6432,2.0348988603800535,0.6432,2.0155382216908038
0.6434,2.0387709881179035,0.6434,2.0142475124448538
0.6436,2.0374802788719535,0.6436,2.0181196401827037
0.6438,2.0400616973638535,0.6438,2.0232824771665037
0.644,2.0387709881179035,0.644,2.0207010586746037
0.6442,2.0413524066098034,0.6442,2.0207010586746037
0.6444,2.0439338251017034,0.6444,2.0271546049043536
0.6446,2.0426431158557534,0.6446,2.0194103494286537
0.6448,2.0439338251017034,0.6448,2.0207010586746037
0.645,2.0465152435936034,0.645,2.0232824771665037
0.6452,2.0478059528395534,0.6452,2.0258638956584036
0.6454,2.0478059528395534,0.6454,2.0297360233962536
0.6456,2.0465152435936034,0.6456,2.0245731864124537
0.6458,2.0503873713314533,0.6458,2.0245731864124537
0.646,2.0516780805774033,0.646,2.0284453141503036
0.6462,2.0516780805774033,0.6462,2.0323174418881536
0.6464,2.0529687898233533,0.6464,2.0336081511341035
0.6466,2.0529687898233533,0.6466,2.0336081511341035
0.6468,2.0529687898233533,0.6468,2.0323174418881536
0.647,2.0555502083152533,0.647,2.0361895696260035
0.6472,2.0581316268071532,0.6472,2.0387709881179035
0.6474,2.0581316268071532,0.6474,2.0374802788719535
0.6476,2.0594223360531032,0.6476,2.0387709881179035
0.6478,2.0645851730369031,0.6478,2.0426431158557534
0.648,2.0632944637909532,0.648,2.0413524066098034
0.6482,2.0607130452990532,0.6482,2.0413524066098034
0.6484,2.0684573007747531,0.6484,2.0426431158557534
0.6486,2.0632944637909532,0.6486,2.0413524066098034
0.6488,2.0632944637909532,0.6488,2.0426431158557534
0.649,2.0684573007747531,0.649,2.0452245343476534
0.6492,2.0658758822828531,0.6492,2.0439338251017034
0.6494,2.0684573007747531,0.6494,2.0503873713314533
0.6496,2.0697480100207031,0.6496,2.0503873713314533
0.6498,2.0658758822828531,0.6498,2.0478059528395534
0.65,2.074910847004503,0.65,2.0503873713314533
0.6502,2.0684573007747531,0.6502,2.0465152435936034
0.6504,2.072329428512603,0.6504,2.0490966620855033
0.6506,2.073620137758553,0.6506,2.0490966620855033
0.6508,2.073620137758553,0.6508,2.0542594990693033
0.651,2.073620137758553,0.651,2.0542594990693033
0.6512,2.0697480100207031,0.6512,2.0465152435936034
0.6514,2.072329428512603,0.6514,2.0542594990693033
0.6516,2.0710387192666531,0.6516,2.0529687898233533
0.6518,2.073620137758553,0.6518,2.0529687898233533
0.652,2.0710387192666531,0.652,2.0503873713314533
0.6522,2.074910847004503,0.6522,2.0542594990693033
0.6524,2.0710387192666531,0.6524,2.0465152435936034
0.6526,2.074910847004503,0.6526,2.0490966620855033
0.6528,2.072329428512603,0.6528,2.0542594990693033
0.653,2.0710387192666531,0.653,2.0490966620855033
0.6532,2.076201556250453,0.6532,2.0529687898233533
0.6534,2.0697480100207031,0.6534,2.0465152435936034
0.6536,2.0710387192666531,0.6536,2.0529687898233533
0.6538,2.073620137758553,0.6538,2.0465152435936034
0.654,2.0710387192666531,0.654,2.0465152435936034
0.6542,2.0671665915288031,0.6542,2.0452245343476534
0.6544,2.0671665915288031,0.6544,2.0478059528395534
0.6546,2.0684573007747531,0.6546,2.0478059528395534
0.6548,2.0645851730369031,0.6548,2.0452245343476534
0.655,2.0658758822828531,0.655,2.0413524066098034
0.6552,2.0684573007747531,0.6552,2.0413524066098034
0.6554,2.0620037545450032,0.6554,2.0452245343476534
0.6556,2.0632944637909532,0.6556,2.0413524066098034
0.6558,2.0607130452990532,0.6558,2.0374802788719535
0.656,2.0620037545450032,0.656,2.0374802788719535
0.6562,2.0581316268071532,0.6562,2.0374802788719535
0.6564,2.0542594990693033,0.6564,2.0361895696260035
0.6566,2.0555502083152533,0.6566,2.0348988603800535
0.6568,2.0529687898233533,0.6568,2.0348988603800535
0.657,2.0568409175612032,0.657,2.0310267326422036
0.6572,2.0555502083152533,0.6572,2.0297360233962536
0.6574,2.0555502083152533,0.6574,2.0310267326422036
0.6576,2.0516780805774033,0.6576,2.0297360233962536
0.6578,2.0490966620855033,0.6578,2.0284453141503036
0.658,2.0452245343476534,0.658,2.0310267326422036
0.6582,2.0490966620855033,0.6582,2.0271546049043536
0.6584,2.0439338251017034,0.6584,2.0297360233962536
0.6586,2.0452245343476534,0.6586,2.0181196401827037
0.6588,2.0478059528395534,0.6588,2.0207010586746037
0.659,2.0452245343476534,0.659,2.0194103494286537
0.6592,2.0400616973638535,0.6592,2.0181196401827037
0.6594,2.0426431158557534,0.6594,2.0232824771665037
0.6596,2.0439338251017034,0.6596,2.0219917679205537
0.6598,2.0452245343476534,0.6598,2.0168289309367537
0.66,2.0400616973638535,0.66,2.0181196401827037
0.6602,2.0452245343476534,0.6602,2.0142475124448538
0.6604,2.0400616973638535,0.6604,2.0129568031989038
0.6606,2.0374802788719535,0.6606,2.0129568031989038
0.6608,2.0426431158557534,0.6608,2.0181196401827037
0.661,2.0387709881179035,0.661,2.0181196401827037
0.6612,2.0361895696260035,0.6612,2.0129568031989038
0.6614,2.0361895696260035,0.6614,2.0129568031989038
0.6616,2.0361895696260035,0.6616,2.0142475124448538
0.6618,2.0374802788719535,0.6618,2.0155382216908038
0.662,2.0413524066098034,0.662,2.0207010586746037
0.6622,2.0374802788719535,0.6622,2.0142475124448538
0.6624,2.0348988603800535,0.6624,2.0168289309367537
0.6626,2.0361895696260035,0.6626,2.0129568031989038
0.6628,2.0400616973638535,0.6628,2.0181196401827037
0.663,2.0374802788719535,0.663,2.0155382216908038
0.6632,2.0374802788719535,0.6632,2.0168289309367537
0.6634,2.0361895696260035,0.6634,2.0194103494286537
0.6636,2.0400616973638535,0.6636,2.0194103494286537
0.6638,2.0452245343476534,0.6638,2.0168289309367537
0.664,2.0439338251017034,0.664,2.0181196401827037
0.6642,2.0426431158557534,0.6642,2.0219917679205537
0.6644,2.0465152435936034,0.6644,2.0258638956584036
0.6646,2.0426431158557534,0.6646,2.0232824771665037
0.6648,2.0439338251017034,0.6648,2.0219917679205537
0.665,2.0452245343476534,0.665,2.0219917679205537
0.6652,2.0439338251017034,0.6652,2.0207010586746037
0.6654,2.0478059528395534,0.6654,2.0232824771665037
0.6656,2.0490966620855033,0.6656,2.0258638956584036
0.6658,2.0503873713314533,0.6658,2.0232824771665037
0.666,2.0465152435936034,0.666,2.0284453141503036
0.6662,2.0503873713314533,0.6662,2.0284453141503036
0.6664,2.0529687898233533,0.6664,2.0284453141503036
0.6666,2.0529687898233533,0.6666,2.0374802788719535
0.6668,2.0555502083152533,0.6668,2.0336081511341035
0.667,2.0529687898233533,0.667,2.0284453141503036
0.6672,2.0581316268071532,0.6672,2.0323174418881536
0.6674,2.0607130452990532,0.6674,2.0323174418881536
0.6676,2.0568409175612032,0.6676,2.0348988603800535
0.6678,2.0645851730369031,0.6678,2.0400616973638535
0.668,2.0645851730369031,0.668,2.0426431158557534
0.6682,2.0620037545450032,0.6682,2.0400616973638535
0.6684,2.0632944637909532,0.6684,2.0426431158557534
0.6686,2.0658758822828531,0.6686,2.0426431158557534
0.6688,2.0658758822828531,0.6688,2.0465152435936034
0.669,2.0671665915288031,0.669,2.0426431158557534
0.6692,2.0684573007747531,0.6692,2.0478059528395534
0.6694,2.0645851730369031,0.6694,2.0439338251017034
0.6696,2.0658758822828531,0.6696,2.0426431158557534
0.6698,2.072329428512603,0.6698,2.0529687898233533
0.67,2.0684573007747531,0.67,2.0516780805774033
0.6702,2.076201556250453,0.6702,2.0516780805774033
0.6704,2.074910847004503,0.6704,2.0594223360531032
0.6706,2.074910847004503,0.6706,2.0542594990693033
0.6708,2.073620137758553,0.6708,2.0490966620855033
0.671,2.072329428512603,0.671,2.0516780805774033
0.6712,2.072329428512603,0.6712,2.0516780805774033
0.6714,2.072329428512603,0.6714,2.0529687898233533
0.6716,2.074910847004503,0.6716,2.0490966620855033
0.6718,2.077492265496403,0.6718,2.0503873713314533
0.672,2.072329428512603,0.672,2.0503873713314533
0.6722,2.074910847004503,0.6722,2.0490966620855033
0.6724,2.073620137758553,0.6724,2.0478059528395534
0.6726,2.074910847004503,0.6726,2.0516780805774033
0.6728,2.072329428512603,0.6728,2.0490966620855033
0.673,2.072329428512603,0.673,2.0478059528395534
0.6732,2.072329428512603,0.6732,2.0516780805774033
0.6734,2.072329428512603,0.6734,2.0490966620855033
0.6736,2.0697480100207031,0.6736,2.0478059528395534
0.6738,2.0710387192666531,0.6738,2.0503873713314533
0.674,2.0697480100207031,0.674,2.0516780805774033
0.6742,2.0697480100207031,0.6742,2.0452245343476534
0.6744,2.0645851730369031,0.6744,2.0478059528395534
0.6746,2.0632944637909532,0.6746,2.0465152435936034
0.6748,2.0671665915288031,0.6748,2.0452245343476534
0.675,2.0632944637909532,0.675,2.0426431158557534
0.6752,2.0645851730369031,0.6752,2.0465152435936034
0.6754,2.0594223360531032,0.6754,2.0413524066098034
0.6756,2.0620037545450032,0.6756,2.0413524066098034
0.6758,2.0568409175612032,0.6758,2.0374802788719535
0.676,2.0645851730369031,0.676,2.0374802788719535
0.6762,2.0594223360531032,0.6762,2.0387709881179035
0.6764,2.0542594990693033,0.6764,2.0348988603800535
0.6766,2.0542594990693033,0.6766,2.0348988603800535
0.6768,2.0581316268071532,0.6768,2.0336081511341035
0.677,2.0529687898233533,0.677,2.0361895696260035
0.6772,2.0529687898233533,0.6772,2.0310267326422036
0.6774,2.0478059528395534,0.6774,2.0323174418881536
0.6776,2.0542594990693033,0.6776,2.0284453141503036
0.6778,2.0465152435936034,0.6778,2.0348988603800535
0.678,2.0503873713314533,0.678,2.0271546049043536
0.6782,2.0503873713314533,0.6782,2.0245731864124537
0.6784,2.0490966620855033,0.6784,2.0232824771665037
0.6786,2.0503873713314533,0.6786,2.0207010586746037
0.6788,2.0452245343476534,0.6788,2.0245731864124537
0.679,2.0387709881179035,0.679,2.0207010586746037
0.6792,2.0439338251017034,0.6792,2.0232824771665037
0.6794,2.0452245343476534,0.6794,2.0232824771665037
0.6796,2.0426431158557534,0.6796,2.0155382216908038
0.6798,2.0413524066098034,0.6798,2.0207010586746037
0.68,2.0374802788719535,0.68,2.0219917679205537
0.6802,2.0374802788719535,0.6802,2.0181196401827037
0.6804,2.0400616973638535,0.6804,2.0155382216908038
0.6806,2.0387709881179035,0.6806,2.0077939662151039
0.6808,2.0374802788719535,0.6808,2.0155382216908038
0.681,2.0400616973638535,0.681,2.0168289309367537
0.6812,2.0374802788719535,0.6812,2.0155382216908038
0.6814,2.0439338251017034,0.6814,2.0116660939529538
0.6816,2.0374802788719535,0.6816,2.0168289309367537
0.6818,2.0400616973638535,0.6818,2.0129568031989038
0.682,2.0336081511341035,0.682,2.0155382216908038
0.6822,2.0387709881179035,0.6822,2.0168289309367537
0.6824,2.0374802788719535,0.6824,2.0142475124448538
0.6826,2.0361895696260035,0.6826,2.0155382216908038
0.6828,2.0361895696260035,0.6828,2.0155382216908038
0.683,2.0374802788719535,0.683,2.0155382216908038
0.6832,2.0387709881179035,0.6832,2.0129568031989038
0.6834,2.0387709881179035,0.6834,2.0181196401827037
0.6836,2.0413524066098034,0.6836,2.0168289309367537
0.6838,2.0361895696260035,0.6838,2.0155382216908038
0.684,2.0387709881179035,0.684,2.0168289309367537
0.6842,2.0348988603800535,0.6842,2.0219917679205537
0.6844,2.0439338251017034,0.6844,2.0219917679205537
0.6846,2.0478059528395534,0.6846,2.0245731864124537
0.6848,2.0426431158557534,0.6848,2.0219917679205537
0.685,2.0426431158557534,0.685,2.0194103494286537
0.6852,2.0452245343476534,0.6852,2.0219917679205537
0.6854,2.0439338251017034,0.6854,2.0232824771665037
0.6856,2.0516780805774033,0.6856,2.0271546049043536
0.6858,2.0516780805774033,0.6858,2.0258638956584036
0.686,2.0478059528395534,0.686,2.0271546049043536
0.6862,2.0516780805774033,0.6862,2.0323174418881536
0.6864,2.0529687898233533,0.6864,2.0284453141503036
0.6866,2.0555502083152533,0.6866,2.0310267326422036
0.6868,2.0607130452990532,0.6868,2.0323174418881536
0.687,2.0568409175612032,0.687,2.0348988603800535
0.6872,2.0581316268071532,0.6872,2.0297360233962536
0.6874,2.0581316268071532,0.6874,2.0323174418881536
0.6876,2.0581316268071532,0.6876,2.0348988603800535
0.6878,2.0632944637909532,0.6878,2.0336081511341035
0.688,2.0607130452990532,0.688,2.0387709881179035
0.6882,2.0645851730369031,0.6882,2.0400616973638535
0.6884,2.0671665915288031,0.6884,2.0439338251017034
0.6886,2.0697480100207031,0.6886,2.0452245343476534
0.6888,2.0658758822828531,0.6888,2.0465152435936034
0.689,2.0645851730369031,0.689,2.0439338251017034
0.6892,2.0671665915288031,0.6892,2.0465152435936034
0.6894,2.072329428512603,0.6894,2.0478059528395534
0.6896,2.0697480100207031,0.6896,2.0478059528395534
0.6898,2.0710387192666531,0.6898,2.0490966620855033
0.69,2.0671665915288031,0.69,2.0465152435936034
0.6902,2.073620137758553,0.6902,2.0516780805774033
0.6904,2.0710387192666531,0.6904,2.0516780805774033
0.6906,2.072329428512603,0.6906,2.0490966620855033
0.6908,2.072329428512603,0.6908,2.0490966620855033
0.691,2.073620137758553,0.691,2.0490966620855033
0.6912,2.076201556250453,0.6912,2.0490966620855033
0.6914,2.077492265496403,0.6914,2.0516780805774033
0.6916,2.076201556250453,0.6916,2.0490966620855033
0.6918,2.0710387192666531,0.6918,2.0529687898233533
0.692,2.0697480100207031,0.692,2.0478059528395534
0.6922,2.072329428512603,0.6922,2.0516780805774033
0.6924,2.072329428512603,0.6924,2.0503873713314533
0.6926,2.072329428512603,0.6926,2.0490966620855033
0.6928,2.072329428512603,0.6928,2.0516780805774033
0.693,2.077492265496403,0.693,2.0478059528395534
0.6932,2.076201556250453,0.6932,2.0516780805774033
0.6934,2.074910847004503,0.6934,2.0529687898233533
0.6936,2.0684573007747531,0.6936,2.0503873713314533
0.6938,2.072329428512603,0.6938,2.0529687898233533
0.694,2.072329428512603,0.694,2.0503873713314533
0.6942,2.0671665915288031,0.6942,2.0439338251017034
0.6944,2.0671665915288031,0.6944,2.0465152435936034
0.6946,2.0645851730369031,0.6946,2.0426431158557534
0.6948,2.0671665915288031,0.6948,2.0439338251017034
0.695,2.0697480100207031,0.695,2.0439338251017034
0.6952,2.0658758822828531,0.6952,2.0426431158557534
0.6954,2.0658758822828531,0.6954,2.0413524066098034
0.6956,2.0632944637909532,0.6956,2.0400616973638535
0.6958,2.0645851730369031,0.6958,2.0348988603800535
0.696,2.0607130452990532,0.696,2.0426431158557534
0.6962,2.0645851730369031,0.6962,2.0374802788719535
0.6964,2.0594223360531032,0.6964,2.0374802788719535
0.6966,2.0620037545450032,0.6966,2.0387709881179035
0.6968,2.0542594990693033,0.6968,2.0348988603800535
0.697,2.0555502083152533,0.697,2.0348988603800535
0.6972,2.0516780805774033,0.6972,2.0323174418881536
0.6974,2.0568409175612032,0.6974,2.0297360233962536
0.6976,2.0490966620855033,0.6976,2.0323174418881536
0.6978,2.0542594990693033,0.6978,2.0258638956584036
0.698,2.0529687898233533,0.698,2.0207010586746037
0.6982,2.0478059528395534,0.6982,2.0232824771665037
0.6984,2.0478059528395534,0.6984,2.0258638956584036
0.6986,2.0503873713314533,0.6986,2.0194103494286537
0.6988,2.0426431158557534,0.6988,2.0168289309367537
0.699,2.0439338251017034,0.699,2.0232824771665037
0.6992,2.0439338251017034,0.6992,2.0258638956584036
0.6994,2.0452245343476534,0.6994,2.0207010586746037
0.6996,2.0452245343476534,0.6996,2.0168289309367537
0.6998,2.0452245343476534,0.6998,2.0207010586746037
0.7,2.0413524066098034,0.7,2.0207010586746037
0.7002,2.0413524066098034,0.7002,2.0181196401827037
0.7004,2.0400616973638535,0.7004,2.0142475124448538
0.7006,2.0426431158557534,0.7006,2.0155382216908038
0.7008,2.0348988603800535,0.7008,2.0181196401827037
0.701,2.0387709881179035,0.701,2.0194103494286537
0.7012,2.0387709881179035,0.7012,2.0142475124448538
0.7014,2.0400616973638535,0.7014,2.0155382216908038
0.7016,2.0387709881179035,0.7016,2.0077939662151039
0.7018,2.0387709881179035,0.7018,2.0103753847070038
0.702,2.0348988603800535,0.702,2.0129568031989038
0.7022,2.0387709881179035,0.7022,2.0168289309367537
0.7024,2.0361895696260035,0.7024,2.0103753847070038
0.7026,2.0400616973638535,0.7026,2.0207010586746037
0.7028,2.0413524066098034,0.7028,2.0168289309367537
0.703,2.0387709881179035,0.703,2.0155382216908038
0.7032,2.0400616973638535,0.7032,2.0142475124448538
0.7034,2.0387709881179035,0.7034,2.0168289309367537
0.7036,2.0348988603800535,0.7036,2.0207010586746037
0.7038,2.0400616973638535,0.7038,2.0219917679205537
0.704,2.0413524066098034,0.704,2.0181196401827037
0.7042,2.0439338251017034,0.7042,2.0219917679205537
0.7044,2.0413524066098034,0.7044,2.0245731864124537
0.7046,2.0439338251017034,0.7046,2.0219917679205537
0.7048,2.0426431158557534,0.7048,2.0271546049043536
0.705,2.0465152435936034,0.705,2.0194103494286537
0.7052,2.0426431158557534,0.7052,2.0245731864124537
0.7054,2.0465152435936034,0.7054,2.0219917679205537
0.7056,2.0490966620855033,0.7056,2.0271546049043536
0.7058,2.0529687898233533,0.7058,2.0271546049043536
0.706,2.0503873713314533,0.706,2.0271546049043536
0.7062,2.0516780805774033,0.7062,2.0297360233962536
0.7064,2.0542594990693033,0.7064,2.0297360233962536
0.7066,2.0555502083152533,0.7066,2.0336081511341035
0.7068,2.0581316268071532,0.7068,2.0297360233962536
0.707,2.0568409175612032,0.707,2.0348988603800535
0.7072,2.0607130452990532,0.7072,2.0361895696260035
0.7074,2.0568409175612032,0.7074,2.0323174418881536
0.7076,2.0594223360531032,0.7076,2.0426431158557534
0.7078,2.0568409175612032,0.7078,2.0348988603800535
0.708,2.0607130452990532,0.708,2.0374802788719535
0.7082,2.0671665915288031,0.7082,2.0400616973638535
0.7084,2.0658758822828531,0.7084,2.0426431158557534
0.7086,2.0658758822828531,0.7086,2.0452245343476534
0.7088,2.0710387192666531,0.7088,2.0465152435936034
0.709,2.0684573007747531,0.709,2.0465152435936034
0.7092,2.073620137758553,0.7092,2.0439338251017034
0.7094,2.0645851730369031,0.7094,2.0503873713314533
0.7096,2.0710387192666531,0.7096,2.0439338251017034
0.7098,2.0697480100207031,0.7098,2.0490966620855033
0.71,2.074910847004503,0.71,2.0478059528395534
0.7102,2.0684573007747531,0.7102,2.0490966620855033
0.7104,2.074910847004503,0.7104,2.0465152435936034
0.7106,2.072329428512603,0.7106,2.0490966620855033
0.7108,2.0697480100207031,0.7108,2.0516780805774033
0.711,2.074910847004503,0.711,2.0490966620855033
0.7112,2.076201556250453,0.7112,2.0503873713314533
0.7114,2.073620137758553,0.7114,2.0478059528395534
0.7116,2.0710387192666531,0.7116,2.0478059528395534
0.7118,2.073620137758553,0.7118,2.0529687898233533
0.712,2.072329428512603,0.712,2.0490966620855033
0.7122,2.076201556250453,0.7122,2.0542594990693033
0.7124,2.0697480100207031,0.7124,2.0478059528395534
0.7126,2.073620137758553,0.7126,2.0503873713314533
0.7128,2.073620137758553,0.7128,2.0503873713314533
0.713,2.073620137758553,0.713,2.0529687898233533
0.7132,2.073620137758553,0.7132,2.0503873713314533
0.7134,2.0697480100207031,0.7134,2.0452245343476534
0.7136,2.0697480100207031,0.7136,2.0490966620855033
0.7138,2.0697480100207031,0.7138,2.0490966620855033
0.714,2.072329428512603,0.714,2.0478059528395534
0.7142,2.0671665915288031,0.7142,2.0490966620855033
0.7144,2.0684573007747531,0.7144,2.0478059528395534
0.7146,2.0658758822828531,0.7146,2.0465152435936034
0.7148,2.0710387192666531,0.7148,2.0452245343476534
0.715,2.0697480100207031,0.715,2.0413524066098034
0.7152,2.0671665915288031,0.7152,2.0465152435936034
0.7154,2.0658758822828531,0.7154,2.0426431158557534
0.7156,2.0632944637909532,0.7156,2.0387709881179035
0.7158,2.0594223360531032,0.7158,2.0413524066098034
0.716,2.0607130452990532,0.716,2.0413524066098034
0.7162,2.0607130452990532,0.7162,2.0374802788719535
0.7164,2.0607130452990532,0.7164,2.0336081511341035
0.7166,2.0542594990693033,0.7166,2.0361895696260035
0.7168,2.0568409175612032,0.7168,2.0323174418881536
0.717,2.0529687898233533,0.717,2.0361895696260035
0.7172,2.0516780805774033,0.7172,2.0297360233962536
0.7174,2.0490966620855033,0.7174,2.0297360233962536
0.7176,2.0490966620855033,0.7176,2.0297360233962536
0.7178,2.0542594990693033,0.7178,2.0297360233962536
0.718,2.0503873713314533,0.718,2.0284453141503036
0.7182,2.0490966620855033,0.7182,2.0258638956584036
0.7184,2.0413524066098034,0.7184,2.0284453141503036
0.7186,2.0465152435936034,0.7186,2.0232824771665037
0.7188,2.0465152435936034,0.7188,2.0232824771665037
0.719,2.0439338251017034,0.719,2.0232824771665037
0.7192,2.0439338251017034,0.7192,2.0219917679205537
0.7194,2.0426431158557534,0.7194,2.0232824771665037
0.7196,2.0426431158557534,0.7196,2.0207010586746037
0.7198,2.0387709881179035,0.7198,2.0168289309367537
0.72,2.0426431158557534,0.72,2.0181196401827037
0.7202,2.0426431158557534,0.7202,2.0129568031989038
0.7204,2.0400616973638535,0.7204,2.0155382216908038
0.7206,2.0361895696260035,0.7206,2.0155382216908038
0.7208,2.0413524066098034,0.7208,2.0194103494286537
0.721,2.0400616973638535,0.721,2.0194103494286537
0.7212,2.0361895696260035,0.7212,2.0194103494286537
0.7214,2.0426431158557534,0.7214,2.0232824771665037
0.7216,2.0387709881179035,0.7216,2.0181196401827037
0.7218,2.0374802788719535,0.7218,2.0129568031989038
0.722,2.0426431158557534,0.722,2.0155382216908038
0.7222,2.0387709881179035,0.7222,2.0155382216908038
0.7224,2.0374802788719535,0.7224,2.0181196401827037
0.7226,2.0361895696260035,0.7226,2.0129568031989038
0.7228,2.0374802788719535,0.7228,2.0129568031989038
0.723,2.0387709881179035,0.723,2.0155382216908038
0.7232,2.0400616973638535,0.7232,2.0155382216908038
0.7234,2.0400616973638535,0.7234,2.0181196401827037
0.7236,2.0439338251017034,0.7236,2.0207010586746037
0.7238,2.0413524066098034,0.7238,2.0194103494286537
0.724,2.0413524066098034,0.724,2.0181196401827037
0.7242,2.0387709881179035,0.7242,2.0168289309367537
0.7244,2.0439338251017034,0.7244,2.0207010586746037
0.7246,2.0426431158557534,0.7246,2.0245731864124537
0.7248,2.0465152435936034,0.7248,2.0258638956584036
0.725,2.0426431158557534,0.725,2.0207010586746037
0.7252,2.0478059528395534,0.7252,2.0207010586746037
0.7254,2.0452245343476534,0.7254,2.0310267326422036
0.7256,2.0490966620855033,0.7256,2.0258638956584036
0.7258,2.0490966620855033,0.7258,2.0284453141503036
0.726,2.0490966620855033,0.726,2.0258638956584036
0.7262,2.0478059528395534,0.7262,2.0258638956584036
0.7264,2.0529687898233533,0.7264,2.0348988603800535
0.7266,2.0542594990693033,0.7266,2.0361895696260035
0.7268,2.0555502083152533,0.7268,2.0348988603800535
0.727,2.0581316268071532,0.727,2.0361895696260035
0.7272,2.0555502083152533,0.7272,2.0348988603800535
0.7274,2.0568409175612032,0.7274,2.0361895696260035
0.7276,2.0581316268071532,0.7276,2.0387709881179035
0.7278,2.0568409175612032,0.7278,2.0400616973638535
0.728,2.0607130452990532,0.728,2.0387709881179035
0.7282,2.0632944637909532,0.7282,2.0400616973638535
0.7284,2.0620037545450032,0.7284,2.0439338251017034
0.7286,2.0658758822828531,0.7286,2.0426431158557534
0.7288,2.0697480100207031,0.7288,2.0465152435936034
0.729,2.0684573007747531,0.729,2.0490966620855033
0.7292,2.0671665915288031,0.7292,2.0490966620855033
0.7294,2.0658758822828531,0.7294,2.0478059528395534
0.7296,2.0697480100207031,0.7296,2.0439338251017034
0.7298,2.076201556250453,0.7298,2.0490966620855033
0.73,2.074910847004503,0.73,2.0503873713314533
0.7302,2.072329428512603,0.7302,2.0490966620855033
0.7304,2.073620137758553,0.7304,2.0490966620855033
0.7306,2.0697480100207031,0.7306,2.0516780805774033
0.7308,2.074910847004503,0.7308,2.0503873713314533
0.731,2.0697480100207031,0.731,2.0478059528395534
0.7312,2.0710387192666531,0.7312,2.0529687898233533
0.7314,2.0710387192666531,0.7314,2.0555502083152533
0.7316,2.072329428512603,0.7316,2.0568409175612032
0.7318,2.076201556250453,0.7318,2.0555502083152533
0.732,2.073620137758553,0.732,2.0529687898233533
0.7322,2.073620137758553,0.7322,2.0516780805774033
0.7324,2.074910847004503,0.7324,2.0503873713314533
0.7326,2.074910847004503,0.7326,2.0516780805774033
0.7328,2.0710387192666531,0.7328,2.0529687898233533
0.733,2.072329428512603,0.733,2.0490966620855033
0.7332,2.072329428512603,0.7332,2.0516780805774033
0.7334,2.073620137758553,0.7334,2.0555502083152533
0.7336,2.0697480100207031,0.7336,2.0516780805774033
0.7338,2.073620137758553,0.7338,2.0478059528395534
0.734,2.0697480100207031,0.734,2.0490966620855033
0.7342,2.0710387192666531,0.7342,2.0465152435936034
0.7344,2.0671665915288031,0.7344,2.0465152435936034
0.7346,2.0684573007747531,0.7346,2.0413524066098034
0.7348,2.0671665915288031,0.7348,2.0439338251017034
0.735,2.0632944637909532,0.735,2.0439338251017034
0.7352,2.0632944637909532,0.7352,2.0465152435936034
0.7354,2.0568409175612032,0.7354,2.0387709881179035
0.7356,2.0632944637909532,0.7356,2.0387709881179035
0.7358,2.0581316268071532,0.7358,2.0465152435936034
0.736,2.0594223360531032,0.736,2.0413524066098034
0.7362,2.0607130452990532,0.7362,2.0361895696260035
0.7364,2.0581316268071532,0.7364,2.0387709881179035
0.7366,2.0555502083152533,0.7366,2.0323174418881536
0.7368,2.0542594990693033,0.7368,2.0348988603800535
0.737,2.0516780805774033,0.737,2.0336081511341035
0.7372,2.0555502083152533,0.7372,2.0297360233962536
0.7374,2.0529687898233533,0.7374,2.0258638956584036
0.7376,2.0529687898233533,0.7376,2.0297360233962536
0.7378,2.0503873713314533,0.7378,2.0284453141503036
0.738,2.0490966620855033,0.738,2.0245731864124537
0.7382,2.0516780805774033,0.7382,2.0271546049043536
0.7384,2.0503873713314533,0.7384,2.0232824771665037
0.7386,2.0478059528395534,0.7386,2.0271546049043536
0.7388,2.0452245343476534,0.7388,2.0232824771665037
0.739,2.0478059528395534,0.739,2.0219917679205537
0.7392,2.0452245343476534,0.7392,2.0181196401827037
0.7394,2.0439338251017034,0.7394,2.0194103494286537
0.7396,2.0413524066098034,0.7396,2.0168289309367537
0.7398,2.0400616973638535,0.7398,2.0219917679205537
0.74,2.0413524066098034,0.74,2.0142475124448538
0.7402,2.0413524066098034,0.7402,2.0181196401827037
0.7404,2.0400616973638535,0.7404,2.0181196401827037
0.7406,2.0426431158557534,0.7406,2.0142475124448538
0.7408,2.0400616973638535,0.7408,2.0168289309367537
0.741,2.0439338251017034,0.741,2.0207010586746037
0.7412,2.0336081511341035,0.7412,2.0129568031989038
0.7414,2.0387709881179035,0.7414,2.0116660939529538
0.7416,2.0387709881179035,0.7416,2.0194103494286537
0.7418,2.0413524066098034,0.7418,2.0142475124448538
0.742,2.0323174418881536,0.742,2.0168289309367537
0.7422,2.0374802788719535,0.7422,2.0168289309367537
0.7424,2.0426431158557534,0.7424,2.0194103494286537
0.7426,2.0361895696260035,0.7426,2.0155382216908038
0.7428,2.0374802788719535,0.7428,2.0219917679205537
0.743,2.0323174418881536,0.743,2.0116660939529538
0.7432,2.0361895696260035,0.7432,2.0194103494286537
0.7434,2.0413524066098034,0.7434,2.0155382216908038
0.7436,2.0387709881179035,0.7436,2.0219917679205537
0.7438,2.0387709881179035,0.7438,2.0155382216908038
0.744,2.0400616973638535,0.744,2.0207010586746037
0.7442,2.0439338251017034,0.7442,2.0155382216908038
0.7444,2.0452245343476534,0.7444,2.0181196401827037
0.7446,2.0452245343476534,0.7446,2.0232824771665037
0.7448,2.0490966620855033,0.7448,2.0207010586746037
0.745,2.0516780805774033,0.745,2.0232824771665037
0.7452,2.0452245343476534,0.7452,2.0284453141503036
0.7454,2.0465152435936034,0.7454,2.0245731864124537
0.7456,2.0478059528395534,0.7456,2.0271546049043536
0.7458,2.0503873713314533,0.7458,2.0258638956584036
0.746,2.0465152435936034,0.746,2.0271546049043536
0.7462,2.0555502083152533,0.7462,2.0258638956584036
0.7464,2.0503873713314533,0.7464,2.0336081511341035
0.7466,2.0555502083152533,0.7466,2.0336081511341035
0.7468,2.0529687898233533,0.7468,2.0361895696260035
0.747,2.0607130452990532,0.747,2.0387709881179035
0.7472,2.0581316268071532,0.7472,2.0348988603800535
0.7474,2.0632944637909532,0.7474,2.0361895696260035
0.7476,2.0594223360531032,0.7476,2.0336081511341035
0.7478,2.0607130452990532,0.7478,2.0400616973638535
0.748,2.0620037545450032,0.748,2.0439338251017034
0.7482,2.0684573007747531,0.7482,2.0426431158557534
0.7484,2.0620037545450032,0.7484,2.0439338251017034
0.7486,2.0658758822828531,0.7486,2.0413524066098034
0.7488,2.0671665915288031,0.7488,2.0413524066098034
0.749,2.0684573007747531,0.749,2.0439338251017034
0.7492,2.0684573007747531,0.7492,2.0413524066098034
0.7494,2.0671665915288031,0.7494,2.0426431158557534
0.7496,2.0658758822828531,0.7496,2.0465152435936034
0.7498,2.0671665915288031,0.7498,2.0478059528395534
0.75,2.0710387192666531,0.75,2.0568409175612032
0.7502,2.072329428512603,0.7502,2.0503873713314533
0.7504,2.072329428512603,0.7504,2.0503873713314533
0.7506,2.072329428512603,0.7506,2.0478059528395534
0.7508,2.073620137758553,0.7508,2.0478059528395534
0.751,2.073620137758553,0.751,2.0478059528395534
0.7512,2.072329428512603,0.7512,2.0478059528395534
0.7514,2.0710387192666531,0.7514,2.0490966620855033
0.7516,2.074910847004503,0.7516,2.0478059528395534
0.7518,2.073620137758553,0.7518,2.0503873713314533
0.752,2.073620137758553,0.752,2.0490966620855033
0.7522,2.076201556250453,0.7522,2.0516780805774033
0.7524,2.073620137758553,0.7524,2.0542594990693033
0.7526,2.073620137758553,0.7526,2.0529687898233533
0.7528,2.0697480100207031,0.7528,2.0568409175612032
0.753,2.072329428512603,0.753,2.0503873713314533
0.7532,2.072329428512603,0.7532,2.0529687898233533
0.7534,2.072329428512603,0.7534,2.0542594990693033
0.7536,2.072329428512603,0.7536,2.0529687898233533
0.7538,2.0684573007747531,0.7538,2.0516780805774033
0.754,2.0710387192666531,0.754,2.0426431158557534
0.7542,2.0697480100207031,0.7542,2.0452245343476534
0.7544,2.0684573007747531,0.7544,2.0439338251017034
0.7546,2.0658758822828531,0.7546,2.0452245343476534
0.7548,2.0671665915288031,0.7548,2.0426431158557534
0.755,2.0645851730369031,0.755,2.0413524066098034
0.7552,2.0645851730369031,0.7552,2.0400616973638535
0.7554,2.0620037545450032,0.7554,2.0387709881179035
0.7556,2.0607130452990532,0.7556,2.0387709881179035
0.7558,2.0632944637909532,0.7558,2.0452245343476534
0.756,2.0645851730369031,0.756,2.0439338251017034
0.7562,2.0620037545450032,0.7562,2.0439338251017034
0.7564,2.0555502083152533,0.7564,2.0323174418881536
0.7566,2.0594223360531032,0.7566,2.0323174418881536
0.7568,2.0568409175612032,0.7568,2.0361895696260035
0.757,2.0542594990693033,0.757,2.0284453141503036
0.7572,2.0503873713314533,0.7572,2.0310267326422036
0.7574,2.0568409175612032,0.7574,2.0297360233962536
0.7576,2.0516780805774033,0.7576,2.0348988603800535
0.7578,2.0503873713314533,0.7578,2.0258638956584036
0.758,2.0490966620855033,0.758,2.0245731864124537
0.7582,2.0503873713314533,0.7582,2.0232824771665037
0.7584,2.0452245343476534,0.7584,2.0245731864124537
0.7586,2.0465152435936034,0.7586,2.0207010586746037
0.7588,2.0426431158557534,0.7588,2.0219917679205537
0.759,2.0413524066098034,0.759,2.0232824771665037
0.7592,2.0413524066098034,0.7592,2.0168289309367537
0.7594,2.0465152435936034,0.7594,2.0207010586746037
0.7596,2.0452245343476534,0.7596,2.0194103494286537
0.7598,2.0465152435936034,0.7598,2.0181196401827037
0.76,2.0426431158557534,0.76,2.0232824771665037
0.7602,2.0387709881179035,0.7602,2.0194103494286537
0.7604,2.0413524066098034,0.7604,2.0129568031989038
0.7606,2.0361895696260035,0.7606,2.0181196401827037
0.7608,2.0426431158557534,0.7608,2.0194103494286537
0.761,2.0400616973638535,0.761,2.0142475124448538
0.7612,2.0413524066098034,0.7612,2.0168289309367537
0.7614,2.0400616973638535,0.7614,2.0181196401827037
0.7616,2.0361895696260035,0.7616,2.0155382216908038
0.7618,2.0413524066098034,0.7618,2.0116660939529538
0.762,2.0387709881179035,0.762,2.0116660939529538
0.7622,2.0387709881179035,0.7622,2.0155382216908038
0.7624,2.0400616973638535,0.7624,2.0155382216908038
0.7626,2.0387709881179035,0.7626,2.0168289309367537
0.7628,2.0374802788719535,0.7628,2.0129568031989038
0.763,2.0400616973638535,0.763,2.0155382216908038
0.7632,2.0387709881179035,0.7632,2.0142475124448538
0.7634,2.0413524066098034,0.7634,2.0181196401827037
0.7636,2.0413524066098034,0.7636,2.0155382216908038
0.7638,2.0413524066098034,0.7638,2.0181196401827037
0.764,2.0413524066098034,0.764,2.0181196401827037
0.7642,2.0439338251017034,0.7642,2.0181196401827037
0.7644,2.0426431158557534,0.7644,2.0207010586746037
0.7646,2.0439338251017034,0.7646,2.0245731864124537
0.7648,2.0439338251017034,0.7648,2.0219917679205537
0.765,2.0490966620855033,0.765,2.0219917679205537
0.7652,2.0439338251017034,0.7652,2.0232824771665037
0.7654,2.0478059528395534,0.7654,2.0245731864124537
0.7656,2.0478059528395534,0.7656,2.0271546049043536
0.7658,2.0490966620855033,0.7658,2.0297360233962536
0.766,2.0465152435936034,0.766,2.0284453141503036
0.7662,2.0516780805774033,0.7662,2.0323174418881536
0.7664,2.0555502083152533,0.7664,2.0310267326422036
0.7666,2.0542594990693033,0.7666,2.0297360233962536
0.7668,2.0529687898233533,0.7668,2.0336081511341035
0.767,2.0607130452990532,0.767,2.0323174418881536
0.7672,2.0568409175612032,0.7672,2.0348988603800535
0.7674,2.0568409175612032,0.7674,2.0348988603800535
0.7676,2.0620037545450032,0.7676,2.0374802788719535
0.7678,2.0620037545450032,0.7678,2.0413524066098034
0.768,2.0632944637909532,0.768,2.0374802788719535
0.7682,2.0632944637909532,0.7682,2.0387709881179035
0.7684,2.0645851730369031,0.7684,2.0400616973638535
0.7686,2.0658758822828531,0.7686,2.0426431158557534
0.7688,2.0671665915288031,0.7688,2.0452245343476534
0.769,2.0645851730369031,0.769,2.0478059528395534
0.7692,2.0684573007747531,0.7692,2.0503873713314533
0.7694,2.0697480100207031,0.7694,2.0478059528395534
0.7696,2.0684573007747531,0.7696,2.0503873713314533
0.7698,2.0697480100207031,0.7698,2.0426431158557534
0.77,2.0710387192666531,0.77,2.0503873713314533
0.7702,2.0697480100207031,0.7702,2.0478059528395534
0.7704,2.0697480100207031,0.7704,2.0516780805774033
0.7706,2.074910847004503,0.7706,2.0490966620855033
0.7708,2.072329428512603,0.7708,2.0478059528395534
0.771,2.073620137758553,0.771,2.0503873713314533
0.7712,2.072329428512603,0.7712,2.0503873713314533
0.7714,2.073620137758553,0.7714,2.0542594990693033
0.7716,2.073620137758553,0.7716,2.0529687898233533
0.7718,2.073620137758553,0.7718,2.0516780805774033
0.772,2.073620137758553,0.772,2.0542594990693033
0.7722,2.076201556250453,0.7722,2.0529687898233533
0.7724,2.0710387192666531,0.7724,2.0516780805774033
0.7726,2.072329428512603,0.7726,2.0452245343476534
0.7728,2.073620137758553,0.7728,2.0568409175612032
0.773,2.072329428512603,0.773,2.0478059528395534
0.7732,2.072329428512603,0.7732,2.0503873713314533
0.7734,2.076201556250453,0.7734,2.0503873713314533
0.7736,2.073620137758553,0.7736,2.0516780805774033
0.7738,2.073620137758553,0.7738,2.0542594990693033
0.774,2.0710387192666531,0.774,2.0503873713314533
0.7742,2.0710387192666531,0.7742,2.0465152435936034
0.7744,2.0710387192666531,0.7744,2.0452245343476534
0.7746,2.0697480100207031,0.7746,2.0465152435936034
0.7748,2.0658758822828531,0.7748,2.0465152435936034
0.775,2.0710387192666531,0.775,2.0478059528395534
0.7752,2.0645851730369031,0.7752,2.0452245343476534
0.7754,2.0632944637909532,0.7754,2.0374802788719535
0.7756,2.0594223360531032,0.7756,2.0413524066098034
0.7758,2.0645851730369031,0.7758,2.0439338251017034
0.776,2.0607130452990532,0.776,2.0361895696260035
0.7762,2.0581316268071532,0.7762,2.0374802788719535
0.7764,2.0607130452990532,0.7764,2.0413524066098034
0.7766,2.0568409175612032,0.7766,2.0361895696260035
0.7768,2.0594223360531032,0.7768,2.0336081511341035
0.777,2.0542594990693033,0.777,2.0310267326422036
0.7772,2.0529687898233533,0.7772,2.0336081511341035
0.7774,2.0465152435936034,0.7774,2.0310267326422036
0.7776,2.0503873713314533,0.7776,2.0323174418881536
0.7778,2.0503873713314533,0.7778,2.0297360233962536
0.778,2.0490966620855033,0.778,2.0245731864124537
0.7782,2.0503873713314533,0.7782,2.0194103494286537
0.7784,2.0490966620855033,0.7784,2.0258638956584036
0.7786,2.0478059528395534,0.7786,2.0207010586746037
0.7788,2.0465152435936034,0.7788,2.0219917679205537
0.779,2.0439338251017034,0.779,2.0219917679205537
0.7792,2.0413524066098034,0.7792,2.0219917679205537
0.7794,2.0426431158557534,0.7794,2.0232824771665037
0.7796,2.0387709881179035,0.7796,2.0168289309367537
0.7798,2.0400616973638535,0.7798,2.0219917679205537
0.78,2.0374802788719535,0.78,2.0194103494286537
0.7802,2.0387709881179035,0.7802,2.0207010586746037
0.7804,2.0374802788719535,0.7804,2.0142475124448538
0.7806,2.0387709881179035,0.7806,2.0155382216908038
0.7808,2.0400616973638535,0.7808,2.0168289309367537
0.781,2.0387709881179035,0.781,2.0168289309367537
0.7812,2.0400616973638535,0.7812,2.0155382216908038
0.7814,2.0361895696260035,0.7814,2.0168289309367537
0.7816,2.0400616973638535,0.7816,2.0142475124448538
0.7818,2.0361895696260035,0.7818,2.0168289309367537
0.782,2.0348988603800535,0.782,2.0129568031989038
0.7822,2.0400616973638535,0.7822,2.0245731864124537
0.7824,2.0336081511341035,0.7824,2.0194103494286537
0.7826,2.0374802788719535,0.7826,2.0181196401827037
0.7828,2.0361895696260035,0.7828,2.0181196401827037
0.783,2.0361895696260035,0.783,2.0194103494286537
0.7832,2.0387709881179035,0.7832,2.0194103494286537
0.7834,2.0400616973638535,0.7834,2.0142475124448538
0.7836,2.0361895696260035,0.7836,2.0232824771665037
0.7838,2.0387709881179035,0.7838,2.0219917679205537
0.784,2.0413524066098034,0.784,2.0219917679205537
0.7842,2.0478059528395534,0.7842,2.0181196401827037
0.7844,2.0439338251017034,0.7844,2.0207010586746037
0.7846,2.0439338251017034,0.7846,2.0232824771665037
0.7848,2.0413524066098034,0.7848,2.0219917679205537
0.785,2.0452245343476534,0.785,2.0232824771665037
0.7852,2.0452245343476534,0.7852,2.0245731864124537
0.7854,2.0478059528395534,0.7854,2.0245731864124537
0.7856,2.0452245343476534,0.7856,2.0284453141503036
0.7858,2.0516780805774033,0.7858,2.0271546049043536
0.786,2.0503873713314533,0.786,2.0271546049043536
0.7862,2.0529687898233533,0.7862,2.0271546049043536
0.7864,2.0529687898233533,0.7864,2.0284453141503036
0.7866,2.0542594990693033,0.7866,2.0310267326422036
0.7868,2.0555502083152533,0.7868,2.0348988603800535
0.787,2.0594223360531032,0.787,2.0348988603800535
0.7872,2.0555502083152533,0.7872,2.0374802788719535
0.7874,2.0581316268071532,0.7874,2.0361895696260035
0.7876,2.0555502083152533,0.7876,2.0413524066098034
0.7878,2.0620037545450032,0.7878,2.0426431158557534
0.788,2.0632944637909532,0.788,2.0387709881179035
0.7882,2.0645851730369031,0.7882,2.0400616973638535
0.7884,2.0658758822828531,0.7884,2.0361895696260035
0.7886,2.0658758822828531,0.7886,2.0439338251017034
0.7888,2.0684573007747531,0.7888,2.0452245343476534
0.789,2.0684573007747531,0.789,2.0413524066098034
0.7892,2.0697480100207031,0.7892,2.0465152435936034
0.7894,2.0710387192666531,0.7894,2.0490966620855033
0.7896,2.073620137758553,0.7896,2.0452245343476534
0.7898,2.0684573007747531,0.7898,2.0452245343476534
0.79,2.076201556250453,0.79,2.0490966620855033
0.7902,2.0710387192666531,0.7902,2.0490966620855033
0.7904,2.0710387192666531,0.7904,2.0516780805774033
0.7906,2.073620137758553,0.7906,2.0490966620855033
0.7908,2.074910847004503,0.7908,2.0503873713314533
0.791,2.0710387192666531,0.791,2.0516780805774033
0.7912,2.073620137758553,0.7912,2.0503873713314533
0.7914,2.072329428512603,0.7914,2.0516780805774033
0.7916,2.076201556250453,0.7916,2.0542594990693033
0.7918,2.073620137758553,0.7918,2.0516780805774033
0.792,2.073620137758553,0.792,2.0503873713314533
0.7922,2.0710387192666531,0.7922,2.0529687898233533
0.7924,2.076201556250453,0.7924,2.0529687898233533
0.7926,2.073620137758553,0.7926,2.0529687898233533
0.7928,2.074910847004503,0.7928,2.0542594990693033
0.793,2.076201556250453,0.793,2.0503873713314533
0.7932,2.072329428512603,0.7932,2.0503873713314533
0.7934,2.076201556250453,0.7934,2.0478059528395534
0.7936,2.072329428512603,0.7936,2.0439338251017034
0.7938,2.0710387192666531,0.7938,2.0452245343476534
0.794,2.0697480100207031,0.794,2.0490966620855033
0.7942,2.0697480100207031,0.7942,2.0490966620855033
0.7944,2.0697480100207031,0.7944,2.0452245343476534
0.7946,2.0645851730369031,0.7946,2.0413524066098034
0.7948,2.0697480100207031,0.7948,2.0413524066098034
0.795,2.0684573007747531,0.795,2.0490966620855033
0.7952,2.0620037545450032,0.7952,2.0439338251017034
0.7954,2.0658758822828531,0.7954,2.0400616973638535
0.7956,2.0607130452990532,0.7956,2.0336081511341035
0.7958,2.0607130452990532,0.7958,2.0426431158557534
0.796,2.0594223360531032,0.796,2.0387709881179035
0.7962,2.0568409175612032,0.7962,2.0374802788719535
0.7964,2.0594223360531032,0.7964,2.0348988603800535
0.7966,2.0568409175612032,0.7966,2.0361895696260035
0.7968,2.0542594990693033,0.7968,2.0348988603800535
0.797,2.0529687898233533,0.797,2.0348988603800535
0.7972,2.0529687898233533,0.7972,2.0310267326422036
0.7974,2.0529687898233533,0.7974,2.0310267326422036
0.7976,2.0516780805774033,0.7976,2.0310267326422036
0.7978,2.0516780805774033,0.7978,2.0271546049043536
0.798,2.0503873713314533,0.798,2.0232824771665037
0.7982,2.0503873713314533,0.7982,2.0284453141503036
0.7984,2.0478059528395534,0.7984,2.0194103494286537
0.7986,2.0503873713314533,0.7986,2.0219917679205537
0.7988,2.0426431158557534,0.7988,2.0207010586746037
0.799,2.0452245343476534,0.799,2.0194103494286537
0.7992,2.0452245343476534,0.7992,2.0207010586746037
0.7994,2.0426431158557534,0.7994,2.0168289309367537
0.7996,2.0413524066098034,0.7996,2.0219917679205537
0.7998,2.0374802788719535,0.7998,2.0155382216908038
0.8,2.0400616973638535,0.8,2.0168289309367537
0.8002,2.0400616973638535,0.8002,2.0181196401827037
0.8004,2.0374802788719535,0.8004,2.0129568031989038
0.8006,2.0413524066098034,0.8006,2.0194103494286537
0.8008,2.0387709881179035,0.8008,2.0155382216908038
0.801,2.0374802788719535,0.801,2.0142475124448538
0.8012,2.0361895696260035,0.8012,2.0168289309367537
0.8014,2.0374802788719535,0.8014,2.0194103494286537
0.8016,2.0413524066098034,0.8016,2.0194103494286537
0.8018,2.0361895696260035,0.8018,2.0116660939529538
0.802,2.0387709881179035,0.802,2.0116660939529538
0.8022,2.0387709881179035,0.8022,2.0168289309367537
0.8024,2.0387709881179035,0.8024,2.0116660939529538
0.8026,2.0336081511341035,0.8026,2.0142475124448538
0.8028,2.0348988603800535,0.8028,2.0129568031989038
0.803,2.0426431158557534,0.803,2.0116660939529538
0.8032,2.0387709881179035,0.8032,2.0155382216908038
0.8034,2.0387709881179035,0.8034,2.0181196401827037
0.8036,2.0361895696260035,0.8036,2.0168289309367537
0.8038,2.0387709881179035,0.8038,2.0181196401827037
0.804,2.0452245343476534,0.804,2.0207010586746037
0.8042,2.0452245343476534,0.8042,2.0219917679205537
0.8044,2.0413524066098034,0.8044,2.0219917679205537
0.8046,2.0426431158557534,0.8046,2.0155382216908038
0.8048,2.0426431158557534,0.8048,2.0194103494286537
0.805,2.0439338251017034,0.805,2.0181196401827037
0.8052,2.0478059528395534,0.8052,2.0245731864124537
0.8054,2.0478059528395534,0.8054,2.0207010586746037
0.8056,2.0478059528395534,0.8056,2.0194103494286537
0.8058,2.0529687898233533,0.8058,2.0258638956584036
0.806,2.0490966620855033,0.806,2.0219917679205537
0.8062,2.0503873713314533,0.8062,2.0297360233962536
0.8064,2.0516780805774033,0.8064,2.0336081511341035
0.8066,2.0555502083152533,0.8066,2.0310267326422036
0.8068,2.0568409175612032,0.8068,2.0310267326422036
0.807,2.0555502083152533,0.807,2.0374802788719535
0.8072,2.0555502083152533,0.8072,2.0361895696260035
0.8074,2.0620037545450032,0.8074,2.0348988603800535
0.8076,2.0594223360531032,0.8076,2.0426431158557534
0.8078,2.0607130452990532,0.8078,2.0387709881179035
0.808,2.0620037545450032,0.808,2.0413524066098034
0.8082,2.0607130452990532,0.8082,2.0426431158557534
0.8084,2.0632944637909532,0.8084,2.0413524066098034
0.8086,2.0645851730369031,0.8086,2.0439338251017034
0.8088,2.0671665915288031,0.8088,2.0439338251017034
0.809,2.0658758822828531,0.809,2.0490966620855033
0.8092,2.0645851730369031,0.8092,2.0452245343476534
0.8094,2.0671665915288031,0.8094,2.0413524066098034
0.8096,2.0671665915288031,0.8096,2.0439338251017034
0.8098,2.0697480100207031,0.8098,2.0478059528395534
0.81,2.0671665915288031,0.81,2.0503873713314533
0.8102,2.073620137758553,0.8102,2.0452245343476534
0.8104,2.074910847004503,0.8104,2.0503873713314533
0.8106,2.073620137758553,0.8106,2.0542594990693033
0.8108,2.073620137758553,0.8108,2.0503873713314533
0.811,2.074910847004503,0.811,2.0478059528395534
0.8112,2.073620137758553,0.8112,2.0465152435936034
0.8114,2.076201556250453,0.8114,2.0478059528395534
0.8116,2.074910847004503,0.8116,2.0452245343476534
0.8118,2.072329428512603,0.8118,2.0529687898233533
0.812,2.0710387192666531,0.812,2.0478059528395534
0.8122,2.077492265496403,0.8122,2.0490966620855033
0.8124,2.074910847004503,0.8124,2.0516780805774033
0.8126,2.078782974742353,0.8126,2.0568409175612032
0.8128,2.076201556250453,0.8128,2.0542594990693033
0.813,2.0697480100207031,0.813,2.0529687898233533
0.8132,2.073620137758553,0.8132,2.0465152435936034
0.8134,2.072329428512603,0.8134,2.0490966620855033
0.8136,2.0710387192666531,0.8136,2.0490966620855033
0.8138,2.074910847004503,0.8138,2.0478059528395534
0.814,2.0710387192666531,0.814,2.0490966620855033
0.8142,2.0697480100207031,0.8142,2.0465152435936034
0.8144,2.0671665915288031,0.8144,2.0452245343476534
0.8146,2.0671665915288031,0.8146,2.0439338251017034
0.8148,2.0645851730369031,0.8148,2.0439338251017034
0.815,2.0658758822828531,0.815,2.0426431158557534
0.8152,2.0658758822828531,0.8152,2.0452245343476534
0.8154,2.0607130452990532,0.8154,2.0452245343476534
0.8156,2.0645851730369031,0.8156,2.0400616973638535
0.8158,2.0658758822828531,0.8158,2.0387709881179035
0.816,2.0594223360531032,0.816,2.0387709881179035
0.8162,2.0632944637909532,0.8162,2.0400616973638535
0.8164,2.0581316268071532,0.8164,2.0413524066098034
0.8166,2.0529687898233533,0.8166,2.0323174418881536
0.8168,2.0581316268071532,0.8168,2.0336081511341035
0.817,2.0542594990693033,0.817,2.0336081511341035
0.8172,2.0529687898233533,0.8172,2.0297360233962536
0.8174,2.0503873713314533,0.8174,2.0297360233962536
0.8176,2.0503873713314533,0.8176,2.0245731864124537
0.8178,2.0478059528395534,0.8178,2.0297360233962536
0.818,2.0465152435936034,0.818,2.0284453141503036
0.8182,2.0490966620855033,0.8182,2.0271546049043536
0.8184,2.0490966620855033,0.8184,2.0232824771665037
0.8186,2.0452245343476534,0.8186,2.0284453141503036
0.8188,2.0478059528395534,0.8188,2.0245731864124537
0.819,2.0465152435936034,0.819,2.0194103494286537
0.8192,2.0439338251017034,0.8192,2.0181196401827037
0.8194,2.0426431158557534,0.8194,2.0219917679205537
0.8196,2.0439338251017034,0.8196,2.0207010586746037
0.8198,2.0413524066098034,0.8198,2.0155382216908038
0.82,2.0400616973638535,0.82,2.0155382216908038
0.8202,2.0413524066098034,0.8202,2.0194103494286537
0.8204,2.0374802788719535,0.8204,2.0168289309367537
0.8206,2.0336081511341035,0.8206,2.0142475124448538
0.8208,2.0361895696260035,0.8208,2.0155382216908038
0.821,2.0400616973638535,0.821,2.0129568031989038
0.8212,2.0336081511341035,0.8212,2.0142475124448538
0.8214,2.0387709881179035,0.8214,2.0142475124448538
0.8216,2.0387709881179035,0.8216,2.0142475124448538
0.8218,2.0387709881179035,0.8218,2.0142475124448538
0.822,2.0323174418881536,0.822,2.0168289309367537
0.8222,2.0361895696260035,0.8222,2.0155382216908038
0.8224,2.0374802788719535,0.8224,2.0103753847070038
0.8226,2.0361895696260035,0.8226,2.0155382216908038
0.8228,2.0400616973638535,0.8228,2.0129568031989038
0.823,2.0374802788719535,0.823,2.0116660939529538
0.8232,2.0400616973638535,0.8232,2.0129568031989038
0.8234,2.0387709881179035,0.8234,2.0168289309367537
0.8236,2.0426431158557534,0.8236,2.0129568031989038
0.8238,2.0400616973638535,0.8238,2.0194103494286537
0.824,2.0439338251017034,0.824,2.0181196401827037
0.8242,2.0413524066098034,0.8242,2.0181196401827037
0.8244,2.0426431158557534,0.8244,2.0232824771665037
0.8246,2.0465152435936034,0.8246,2.0258638956584036
0.8248,2.0503873713314533,0.8248,2.0219917679205537
0.825,2.0439338251017034,0.825,2.0258638956584036
0.8252,2.0452245343476534,0.8252,2.0245731864124537
0.8254,2.0452245343476534,0.8254,2.0245731864124537
0.8256,2.0490966620855033,0.8256,2.0297360233962536
0.8258,2.0465152435936034,0.8258,2.0219917679205537
0.826,2.0529687898233533,0.826,2.0284453141503036
0.8262,2.0542594990693033,0.8262,2.0297360233962536
0.8264,2.0465152435936034,0.8264,2.0271546049043536
0.8266,2.0529687898233533,0.8266,2.0297360233962536
0.8268,2.0581316268071532,0.8268,2.0323174418881536
0.827,2.0568409175612032,0.827,2.0284453141503036
0.8272,2.0516780805774033,0.8272,2.0310267326422036
0.8274,2.0542594990693033,0.8274,2.0336081511341035
0.8276,2.0607130452990532,0.8276,2.0374802788719535
0.8278,2.0632944637909532,0.8278,2.0400616973638535
0.828,2.0620037545450032,0.828,2.0426431158557534
0.8282,2.0620037545450032,0.8282,2.0374802788719535
0.8284,2.0645851730369031,0.8284,2.0426431158557534
0.8286,2.0684573007747531,0.8286,2.0400616973638535
0.8288,2.0684573007747531,0.8288,2.0478059528395534
0.829,2.0645851730369031,0.829,2.0465152435936034
0.8292,2.0671665915288031,0.8292,2.0478059528395534
0.8294,2.0658758822828531,0.8294,2.0426431158557534
0.8296,2.0645851730369031,0.8296,2.0503873713314533
0.8298,2.0671665915288031,0.8298,2.0478059528395534
0.83,2.0697480100207031,0.83,2.0439338251017034
0.8302,2.073620137758553,0.8302,2.0478059528395534
0.8304,2.073620137758553,0.8304,2.0452245343476534
0.8306,2.0684573007747531,0.8306,2.0490966620855033
0.8308,2.073620137758553,0.8308,2.0503873713314533
0.831,2.073620137758553,0.831,2.0490966620855033
0.8312,2.073620137758553,0.8312,2.0490966620855033
0.8314,2.077492265496403,0.8314,2.0542594990693033
0.8316,2.073620137758553,0.8316,2.0568409175612032
0.8318,2.076201556250453,0.8318,2.0503873713314533
0.832,2.078782974742353,0.832,2.0516780805774033
0.8322,2.072329428512603,0.8322,2.0516780805774033
0.8324,2.0671665915288031,0.8324,2.0516780805774033
0.8326,2.074910847004503,0.8326,2.0490966620855033
0.8328,2.072329428512603,0.8328,2.0516780805774033
0.833,2.0710387192666531,0.833,2.0555502083152533
0.8332,2.074910847004503,0.8332,2.0516780805774033
0.8334,2.072329428512603,0.8334,2.0465152435936034
0.8336,2.0710387192666531,0.8336,2.0503873713314533
0.8338,2.0684573007747531,0.8338,2.0452245343476534
0.834,2.0684573007747531,0.834,2.0426431158557534
0.8342,2.072329428512603,0.8342,2.0465152435936034
0.8344,2.0671665915288031,0.8344,2.0452245343476534
0.8346,2.0710387192666531,0.8346,2.0490966620855033
0.8348,2.0671665915288031,0.8348,2.0490966620855033
0.835,2.0671665915288031,0.835,2.0426431158557534
0.8352,2.0684573007747531,0.8352,2.0439338251017034
0.8354,2.0671665915288031,0.8354,2.0478059528395534
0.8356,2.0632944637909532,0.8356,2.0439338251017034
0.8358,2.0632944637909532,0.8358,2.0387709881179035
0.836,2.0620037545450032,0.836,2.0400616973638535
0.8362,2.0568409175612032,0.8362,2.0426431158557534
0.8364,2.0581316268071532,0.8364,2.0323174418881536
0.8366,2.0594223360531032,0.8366,2.0336081511341035
0.8368,2.0529687898233533,0.8368,2.0297360233962536
0.837,2.0568409175612032,0.837,2.0361895696260035
0.8372,2.0516780805774033,0.8372,2.0310267326422036
0.8374,2.0516780805774033,0.8374,2.0271546049043536
0.8376,2.0503873713314533,0.8376,2.0271546049043536
0.8378,2.0478059528395534,0.8378,2.0258638956584036
0.838,2.0490966620855033,0.838,2.0284453141503036
0.8382,2.0490966620855033,0.8382,2.0232824771665037
0.8384,2.0503873713314533,0.8384,2.0219917679205537
0.8386,2.0452245343476534,0.8386,2.0181196401827037
0.8388,2.0452245343476534,0.8388,2.0232824771665037
0.839,2.0413524066098034,0.839,2.0181196401827037
0.8392,2.0400616973638535,0.8392,2.0181196401827037
0.8394,2.0439338251017034,0.8394,2.0207010586746037
0.8396,2.0348988603800535,0.8396,2.0194103494286537
0.8398,2.0413524066098034,0.8398,2.0168289309367537
0.84,2.0400616973638535,0.84,2.0181196401827037
0.8402,2.0400616973638535,0.8402,2.0142475124448538
0.8404,2.0400616973638535,0.8404,2.0194103494286537
0.8406,2.0400616973638535,0.8406,2.0219917679205537
0.8408,2.0400616973638535,0.8408,2.0168289309367537
0.841,2.0413524066098034,0.841,2.0142475124448538
0.8412,2.0387709881179035,0.8412,2.0142475124448538
0.8414,2.0374802788719535,0.8414,2.0155382216908038
0.8416,2.0413524066098034,0.8416,2.0168289309367537
0.8418,2.0348988603800535,0.8418,2.0116660939529538
0.842,2.0361895696260035,0.842,2.0129568031989038
0.8422,2.0374802788719535,0.8422,2.0155382216908038
0.8424,2.0387709881179035,0.8424,2.0155382216908038
0.8426,2.0374802788719535,0.8426,2.0155382216908038
0.8428,2.0387709881179035,0.8428,2.0142475124448538
0.843,2.0336081511341035,0.843,2.0129568031989038
0.8432,2.0374802788719535,0.8432,2.0129568031989038
0.8434,2.0426431158557534,0.8434,2.0168289309367537
0.8436,2.0413524066098034,0.8436,2.0181196401827037
0.8438,2.0426431158557534,0.8438,2.0142475124448538
0.844,2.0387709881179035,0.844,2.0219917679205537
0.8442,2.0426431158557534,0.8442,2.0207010586746037
0.8444,2.0426431158557534,0.8444,2.0219917679205537
0.8446,2.0465152435936034,0.8446,2.0194103494286537
0.8448,2.0413524066098034,0.8448,2.0258638956584036
0.845,2.0439338251017034,0.845,2.0245731864124537
0.8452,2.0465152435936034,0.8452,2.0271546049043536
0.8454,2.0452245343476534,0.8454,2.0232824771665037
0.8456,2.0465152435936034,0.8456,2.0245731864124537
0.8458,2.0478059528395534,0.8458,2.0297360233962536
0.846,2.0478059528395534,0.846,2.0297360233962536
0.8462,2.0490966620855033,0.8462,2.0284453141503036
0.8464,2.0516780805774033,0.8464,2.0348988603800535
0.8466,2.0516780805774033,0.8466,2.0310267326422036
0.8468,2.0529687898233533,0.8468,2.0310267326422036
0.847,2.0529687898233533,0.847,2.0374802788719535
0.8472,2.0555502083152533,0.8472,2.0374802788719535
0.8474,2.0581316268071532,0.8474,2.0374802788719535
0.8476,2.0594223360531032,0.8476,2.0323174418881536
0.8478,2.0594223360531032,0.8478,2.0439338251017034
0.848,2.0607130452990532,0.848,2.0387709881179035
0.8482,2.0620037545450032,0.8482,2.0400616973638535
0.8484,2.0645851730369031,0.8484,2.0387709881179035
0.8486,2.0632944637909532,0.8486,2.0490966620855033
0.8488,2.0645851730369031,0.8488,2.0490966620855033
0.849,2.0658758822828531,0.849,2.0465152435936034
0.8492,2.0658758822828531,0.8492,2.0465152435936034
0.8494,2.0671665915288031,0.8494,2.0465152435936034
0.8496,2.0671665915288031,0.8496,2.0452245343476534
0.8498,2.0710387192666531,0.8498,2.0490966620855033
0.85,2.072329428512603,0.85,2.0503873713314533
0.8502,2.0697480100207031,0.8502,2.0503873713314533
0.8504,2.0710387192666531,0.8504,2.0478059528395534
0.8506,2.0697480100207031,0.8506,2.0516780805774033
0.8508,2.072329428512603,0.8508,2.0503873713314533
0.851,2.072329428512603,0.851,2.0490966620855033
0.8512,2.072329428512603,0.8512,2.0516780805774033
0.8514,2.073620137758553,0.8514,2.0503873713314533
0.8516,2.074910847004503,0.8516,2.0542594990693033
0.8518,2.076201556250453,0.8518,2.0503873713314533
0.852,2.0800736839883029,0.852,2.0490966620855033
0.8522,2.074910847004503,0.8522,2.0581316268071532
0.8524,2.077492265496403,0.8524,2.0516780805774033
0.8526,2.074910847004503,0.8526,2.0478059528395534
0.8528,2.076201556250453,0.8528,2.0542594990693033
0.853,2.073620137758553,0.853,2.0555502083152533
0.8532,2.072329428512603,0.8532,2.0529687898233533
0.8534,2.074910847004503,0.8534,2.0465152435936034
0.8536,2.0697480100207031,0.8536,2.0465152435936034
0.8538,2.0710387192666531,0.8538,2.0478059528395534
0.854,2.0710387192666531,0.854,2.0439338251017034
0.8542,2.0684573007747531,0.8542,2.0465152435936034
0.8544,2.0710387192666531,0.8544,2.0426431158557534
0.8546,2.0645851730369031,0.8546,2.0413524066098034
0.8548,2.0697480100207031,0.8548,2.0516780805774033
0.855,2.0645851730369031,0.855,2.0465152435936034
0.8552,2.0658758822828531,0.8552,2.0426431158557534
0.8554,2.0671665915288031,0.8554,2.0426431158557534
0.8556,2.0620037545450032,0.8556,2.0413524066098034
0.8558,2.0607130452990532,0.8558,2.0374802788719535
0.856,2.0671665915288031,0.856,2.0387709881179035
0.8562,2.0607130452990532,0.8562,2.0336081511341035
0.8564,2.0607130452990532,0.8564,2.0413524066098034
0.8566,2.0607130452990532,0.8566,2.0361895696260035
0.8568,2.0516780805774033,0.8568,2.0336081511341035
0.857,2.0542594990693033,0.857,2.0323174418881536
0.8572,2.0555502083152533,0.8572,2.0284453141503036
0.8574,2.0555502083152533,0.8574,2.0284453141503036
0.8576,2.0490966620855033,0.8576,2.0323174418881536
0.8578,2.0490966620855033,0.8578,2.0297360233962536
0.858,2.0478059528395534,0.858,2.0284453141503036
0.8582,2.0503873713314533,0.8582,2.0258638956584036
0.8584,2.0452245343476534,0.8584,2.0271546049043536
0.8586,2.0452245343476534,0.8586,2.0232824771665037
0.8588,2.0452245343476534,0.8588,2.0219917679205537
0.859,2.0439338251017034,0.859,2.0245731864124537
0.8592,2.0387709881179035,0.8592,2.0194103494286537
0.8594,2.0490966620855033,0.8594,2.0245731864124537
0.8596,2.0452245343476534,0.8596,2.0181196401827037
0.8598,2.0374802788719535,0.8598,2.0232824771665037
0.86,2.0387709881179035,0.86,2.0155382216908038
0.8602,2.0439338251017034,0.8602,2.0181196401827037
0.8604,2.0387709881179035,0.8604,2.0194103494286537
0.8606,2.0387709881179035,0.8606,2.0181196401827037
0.8608,2.0374802788719535,0.8608,2.0155382216908038
0.861,2.0387709881179035,0.861,2.0168289309367537
0.8612,2.0400616973638535,0.8612,2.0142475124448538
0.8614,2.0413524066098034,0.8614,2.0168289309367537
0.8616,2.0387709881179035,0.8616,2.0168289309367537
0.8618,2.0387709881179035,0.8618,2.0155382216908038
0.862,2.0374802788719535,0.862,2.0219917679205537
0.8622,2.0387709881179035,0.8622,2.0181196401827037
0.8624,2.0387709881179035,0.8624,2.0129568031989038
0.8626,2.0387709881179035,0.8626,2.0116660939529538
0.8628,2.0387709881179035,0.8628,2.0129568031989038
0.863,2.0387709881179035,0.863,2.0181196401827037
0.8632,2.0400616973638535,0.8632,2.0168289309367537
0.8634,2.0374802788719535,0.8634,2.0155382216908038
0.8636,2.0426431158557534,0.8636,2.0219917679205537
0.8638,2.0413524066098034,0.8638,2.0142475124448538
0.864,2.0400616973638535,0.864,2.0168289309367537
0.8642,2.0413524066098034,0.8642,2.0181196401827037
0.8644,2.0426431158557534,0.8644,2.0181196401827037
0.8646,2.0439338251017034,0.8646,2.0284453141503036
0.8648,2.0465152435936034,0.8648,2.0181196401827037
0.865,2.0452245343476534,0.865,2.0245731864124537
0.8652,2.0439338251017034,0.8652,2.0245731864124537
0.8654,2.0452245343476534,0.8654,2.0245731864124537
0.8656,2.0465152435936034,0.8656,2.0258638956584036
0.8658,2.0478059528395534,0.8658,2.0297360233962536
0.866,2.0490966620855033,0.866,2.0271546049043536
0.8662,2.0490966620855033,0.8662,2.0245731864124537
0.8664,2.0529687898233533,0.8664,2.0297360233962536
0.8666,2.0542594990693033,0.8666,2.0310267326422036
0.8668,2.0542594990693033,0.8668,2.0284453141503036
0.867,2.0516780805774033,0.867,2.0323174418881536
0.8672,2.0581316268071532,0.8672,2.0387709881179035
0.8674,2.0581316268071532,0.8674,2.0361895696260035
0.8676,2.0607130452990532,0.8676,2.0348988603800535
0.8678,2.0632944637909532,0.8678,2.0361895696260035
0.868,2.0620037545450032,0.868,2.0387709881179035
0.8682,2.0620037545450032,0.8682,2.0400616973638535
0.8684,2.0581316268071532,0.8684,2.0413524066098034
0.8686,2.0645851730369031,0.8686,2.0465152435936034
0.8688,2.0658758822828531,0.8688,2.0400616973638535
0.869,2.0671665915288031,0.869,2.0439338251017034
0.8692,2.0684573007747531,0.8692,2.0452245343476534
0.8694,2.0632944637909532,0.8694,2.0439338251017034
0.8696,2.073620137758553,0.8696,2.0452245343476534
0.8698,2.0697480100207031,0.8698,2.0452245343476534
0.87,2.077492265496403,0.87,2.0503873713314533
0.8702,2.073620137758553,0.8702,2.0503873713314533
0.8704,2.0697480100207031,0.8704,2.0503873713314533
0.8706,2.073620137758553,0.8706,2.0465152435936034
0.8708,2.0697480100207031,0.8708,2.0503873713314533
0.871,2.0710387192666531,0.871,2.0490966620855033
0.8712,2.072329428512603,0.8712,2.0516780805774033
0.8714,2.073620137758553,0.8714,2.0581316268071532
0.8716,2.072329428512603,0.8716,2.0516780805774033
0.8718,2.072329428512603,0.8718,2.0542594990693033
0.872,2.074910847004503,0.872,2.0529687898233533
0.8722,2.0710387192666531,0.8722,2.0516780805774033
0.8724,2.076201556250453,0.8724,2.0542594990693033
0.8726,2.074910847004503,0.8726,2.0542594990693033
0.8728,2.074910847004503,0.8728,2.0516780805774033
0.873,2.0710387192666531,0.873,2.0490966620855033
0.8732,2.073620137758553,0.8732,2.0529687898233533
0.8734,2.0710387192666531,0.8734,2.0490966620855033
0.8736,2.0684573007747531,0.8736,2.0439338251017034
0.8738,2.072329428512603,0.8738,2.0426431158557534
0.874,2.0684573007747531,0.874,2.0452245343476534
0.8742,2.0671665915288031,0.8742,2.0503873713314533
0.8744,2.0684573007747531,0.8744,2.0439338251017034
0.8746,2.0658758822828531,0.8746,2.0439338251017034
0.8748,2.0645851730369031,0.8748,2.0426431158557534
0.875,2.0684573007747531,0.875,2.0400616973638535
0.8752,2.0645851730369031,0.8752,2.0413524066098034
0.8754,2.0645851730369031,0.8754,2.0413524066098034
0.8756,2.0671665915288031,0.8756,2.0400616973638535
0.8758,2.0632944637909532,0.8758,2.0374802788719535
0.876,2.0607130452990532,0.876,2.0426431158557534
0.8762,2.0594223360531032,0.8762,2.0374802788719535
0.8764,2.0607130452990532,0.8764,2.0361895696260035
0.8766,2.0607130452990532,0.8766,2.0400616973638535
0.8768,2.0568409175612032,0.8768,2.0310267326422036
0.877,2.0581316268071532,0.877,2.0336081511341035
0.8772,2.0503873713314533,0.8772,2.0297360233962536
0.8774,2.0555502083152533,0.8774,2.0271546049043536
0.8776,2.0503873713314533,0.8776,2.0271546049043536
0.8778,2.0516780805774033,0.8778,2.0271546049043536
0.878,2.0490966620855033,0.878,2.0232824771665037
0.8782,2.0516780805774033,0.8782,2.0284453141503036
0.8784,2.0465152435936034,0.8784,2.0258638956584036
0.8786,2.0452245343476534,0.8786,2.0258638956584036
0.8788,2.0439338251017034,0.8788,2.0258638956584036
0.879,2.0426431158557534,0.879,2.0219917679205537
0.8792,2.0439338251017034,0.8792,2.0181196401827037
0.8794,2.0452245343476534,0.8794,2.0194103494286537
0.8796,2.0426431158557534,0.8796,2.0181196401827037
0.8798,2.0426431158557534,0.8798,2.0194103494286537
0.88,2.0374802788719535,0.88,2.0219917679205537
0.8802,2.0361895696260035,0.8802,2.0181196401827037
0.8804,2.0387709881179035,0.8804,2.0219917679205537
0.8806,2.0387709881179035,0.8806,2.0116660939529538
0.8808,2.0387709881179035,0.8808,2.0142475124448538
0.881,2.0387709881179035,0.881,2.0194103494286537
0.8812,2.0387709881179035,0.8812,2.0168289309367537
0.8814,2.0426431158557534,0.8814,2.0155382216908038
0.8816,2.0400616973638535,0.8816,2.0155382216908038
0.8818,2.0387709881179035,0.8818,2.0155382216908038
0.882,2.0387709881179035,0.882,2.0181196401827037
0.8822,2.0323174418881536,0.8822,2.0155382216908038
0.8824,2.0374802788719535,0.8824,2.0129568031989038
0.8826,2.0361895696260035,0.8826,2.0142475124448538
0.8828,2.0361895696260035,0.8828,2.0168289309367537
0.883,2.0413524066098034,0.883,2.0155382216908038
0.8832,2.0400616973638535,0.8832,2.0129568031989038
0.8834,2.0400616973638535,0.8834,2.0194103494286537
0.8836,2.0374802788719535,0.8836,2.0155382216908038
0.8838,2.0413524066098034,0.8838,2.0207010586746037
0.884,2.0426431158557534,0.884,2.0181196401827037
0.8842,2.0452245343476534,0.8842,2.0232824771665037
0.8844,2.0413524066098034,0.8844,2.0181196401827037
0.8846,2.0452245343476534,0.8846,2.0207010586746037
0.8848,2.0413524066098034,0.8848,2.0207010586746037
0.885,2.0426431158557534,0.885,2.0219917679205537
0.8852,2.0478059528395534,0.8852,2.0258638956584036
0.8854,2.0465152435936034,0.8854,2.0271546049043536
0.8856,2.0490966620855033,0.8856,2.0245731864124537
0.8858,2.0490966620855033,0.8858,2.0284453141503036
0.886,2.0465152435936034,0.886,2.0232824771665037
0.8862,2.0516780805774033,0.8862,2.0310267326422036
0.8864,2.0568409175612032,0.8864,2.0336081511341035
0.8866,2.0542594990693033,0.8866,2.0348988603800535
0.8868,2.0555502083152533,0.8868,2.0361895696260035
0.887,2.0581316268071532,0.887,2.0336081511341035
0.8872,2.0594223360531032,0.8872,2.0348988603800535
0.8874,2.0568409175612032,0.8874,2.0348988603800535
0.8876,2.0620037545450032,0.8876,2.0348988603800535
0.8878,2.0581316268071532,0.8878,2.0361895696260035
0.888,2.0620037545450032,0.888,2.0361895696260035
0.8882,2.0645851730369031,0.8882,2.0374802788719535
0.8884,2.0620037545450032,0.8884,2.0413524066098034
0.8886,2.0671665915288031,0.8886,2.0452245343476534
0.8888,2.0658758822828531,0.8888,2.0426431158557534
0.889,2.0671665915288031,0.889,2.0452245343476534
0.8892,2.0710387192666531,0.8892,2.0503873713314533
0.8894,2.0658758822828531,0.8894,2.0439338251017034
0.8896,2.0684573007747531,0.8896,2.0439338251017034
0.8898,2.0684573007747531,0.8898,2.0478059528395534
0.89,2.0710387192666531,0.89,2.0490966620855033
0.8902,2.072329428512603,0.8902,2.0478059528395534
0.8904,2.0710387192666531,0.8904,2.0529687898233533
0.8906,2.072329428512603,0.8906,2.0465152435936034
0.8908,2.0710387192666531,0.8908,2.0452245343476534
0.891,2.072329428512603,0.891,2.0503873713314533
0.8912,2.072329428512603,0.8912,2.0490966620855033
0.8914,2.074910847004503,0.8914,2.0478059528395534
0.8916,2.0710387192666531,0.8916,2.0490966620855033
0.8918,2.074910847004503,0.8918,2.0542594990693033
0.892,2.072329428512603,0.892,2.0516780805774033
0.8922,2.076201556250453,0.8922,2.0516780805774033
0.8924,2.076201556250453,0.8924,2.0516780805774033
0.8926,2.073620137758553,0.8926,2.0478059528395534
0.8928,2.072329428512603,0.8928,2.0516780805774033
0.893,2.077492265496403,0.893,2.0516780805774033
0.8932,2.072329428512603,0.8932,2.0490966620855033
0.8934,2.072329428512603,0.8934,2.0478059528395534
0.8936,2.0710387192666531,0.8936,2.0452245343476534
0.8938,2.0684573007747531,0.8938,2.0516780805774033
0.894,2.0710387192666531,0.894,2.0490966620855033
0.8942,2.0658758822828531,0.8942,2.0452245343476534
0.8944,2.0697480100207031,0.8944,2.0400616973638535
0.8946,2.0697480100207031,0.8946,2.0478059528395534
0.8948,2.0710387192666531,0.8948,2.0439338251017034
0.895,2.0671665915288031,0.895,2.0452245343476534
0.8952,2.0697480100207031,0.8952,2.0413524066098034
0.8954,2.0632944637909532,0.8954,2.0387709881179035
0.8956,2.0620037545450032,0.8956,2.0400616973638535
0.8958,2.0620037545450032,0.8958,2.0413524066098034
0.896,2.0607130452990532,0.896,2.0374802788719535
0.8962,2.0568409175612032,0.8962,2.0426431158557534
0.8964,2.0581316268071532,0.8964,2.0297360233962536
0.8966,2.0581316268071532,0.8966,2.0348988603800535
0.8968,2.0529687898233533,0.8968,2.0361895696260035
0.897,2.0542594990693033,0.897,2.0336081511341035
0.8972,2.0516780805774033,0.8972,2.0271546049043536
0.8974,2.0529687898233533,0.8974,2.0297360233962536
0.8976,2.0465152435936034,0.8976,2.0310267326422036
0.8978,2.0516780805774033,0.8978,2.0258638956584036
0.898,2.0490966620855033,0.898,2.0284453141503036
0.8982,2.0478059528395534,0.8982,2.0232824771665037
0.8984,2.0490966620855033,0.8984,2.0219917679205537
0.8986,2.0413524066098034,0.8986,2.0207010586746037
0.8988,2.0426431158557534,0.8988,2.0232824771665037
0.899,2.0478059528395534,0.899,2.0194103494286537
0.8992,2.0439338251017034,0.8992,2.0194103494286537
0.8994,2.0439338251017034,0.8994,2.0168289309367537
0.8996,2.0426431158557534,0.8996,2.0232824771665037
0.8998,2.0400616973638535,0.8998,2.0181196401827037
0.9,2.0413524066098034,0.9,2.0155382216908038
0.9002,2.0387709881179035,0.9002,2.0142475124448538
0.9004,2.0400616973638535,0.9004,2.0155382216908038
0.9006,2.0400616973638535,0.9006,2.0103753847070038
0.9008,2.0387709881179035,0.9008,2.0155382216908038
0.901,2.0374802788719535,0.901,2.0103753847070038
0.9012,2.0348988603800535,0.9012,2.0168289309367537
0.9014,2.0361895696260035,0.9014,2.0142475124448538
0.9016,2.0361895696260035,0.9016,2.0142475124448538
0.9018,2.0361895696260035,0.9018,2.0103753847070038
0.902,2.0387709881179035,0.902,2.0142475124448538
0.9022,2.0336081511341035,0.9022,2.0116660939529538
0.9024,2.0374802788719535,0.9024,2.0142475124448538
0.9026,2.0374802788719535,0.9026,2.0116660939529538
0.9028,2.0336081511341035,0.9028,2.0194103494286537
0.903,2.0361895696260035,0.903,2.0194103494286537
0.9032,2.0336081511341035,0.9032,2.0155382216908038
0.9034,2.0348988603800535,0.9034,2.0194103494286537
0.9036,2.0413524066098034,0.9036,2.0155382216908038
0.9038,2.0387709881179035,0.9038,2.0207010586746037
0.904,2.0413524066098034,0.904,2.0181196401827037
0.9042,2.0400616973638535,0.9042,2.0181196401827037
0.9044,2.0387709881179035,0.9044,2.0194103494286537
0.9046,2.0426431158557534,0.9046,2.0194103494286537
0.9048,2.0439338251017034,0.9048,2.0232824771665037
0.905,2.0452245343476534,0.905,2.0232824771665037
0.9052,2.0465152435936034,0.9052,2.0258638956584036
0.9054,2.0478059528395534,0.9054,2.0219917679205537
0.9056,2.0490966620855033,0.9056,2.0245731864124537
0.9058,2.0516780805774033,0.9058,2.0245731864124537
0.906,2.0490966620855033,0.906,2.0284453141503036
0.9062,2.0478059528395534,0.9062,2.0297360233962536
0.9064,2.0542594990693033,0.9064,2.0323174418881536
0.9066,2.0542594990693033,0.9066,2.0361895696260035
0.9068,2.0529687898233533,0.9068,2.0387709881179035
0.907,2.0607130452990532,0.907,2.0387709881179035
0.9072,2.0568409175612032,0.9072,2.0374802788719535
0.9074,2.0568409175612032,0.9074,2.0400616973638535
0.9076,2.0594223360531032,0.9076,2.0387709881179035
0.9078,2.0594223360531032,0.9078,2.0413524066098034
0.908,2.0581316268071532,0.908,2.0413524066098034
0.9082,2.0658758822828531,0.9082,2.0387709881179035
0.9084,2.0658758822828531,0.9084,2.0503873713314533
0.9086,2.0594223360531032,0.9086,2.0452245343476534
0.9088,2.0645851730369031,0.9088,2.0490966620855033
0.909,2.0658758822828531,0.909,2.0503873713314533
0.9092,2.0671665915288031,0.9092,2.0516780805774033
0.9094,2.0684573007747531,0.9094,2.0478059528395534
0.9096,2.0632944637909532,0.9096,2.0413524066098034
0.9098,2.0710387192666531,0.9098,2.0478059528395534
0.91,2.072329428512603,0.91,2.0478059528395534
0.9102,2.0671665915288031,0.9102,2.0529687898233533
0.9104,2.0710387192666531,0.9104,2.0503873713314533
0.9106,2.0697480100207031,0.9106,2.0452245343476534
0.9108,2.072329428512603,0.9108,2.0503873713314533
0.911,2.073620137758553,0.911,2.0503873713314533
0.9112,2.074910847004503,0.9112,2.0490966620855033
0.9114,2.073620137758553,0.9114,2.0529687898233533
0.9116,2.072329428512603,0.9116,2.0581316268071532
0.9118,2.072329428512603,0.9118,2.0516780805774033
0.912,2.0684573007747531,0.912,2.0478059528395534
0.9122,2.072329428512603,0.9122,2.0542594990693033
0.9124,2.0697480100207031,0.9124,2.0516780805774033
0.9126,2.073620137758553,0.9126,2.0542594990693033
0.9128,2.074910847004503,0.9128,2.0503873713314533
0.913,2.0710387192666531,0.913,2.0503873713314533
0.9132,2.073620137758553,0.9132,2.0529687898233533
0.9134,2.072329428512603,0.9134,2.0478059528395534
0.9136,2.073620137758553,0.9136,2.0452245343476534
0.9138,2.072329428512603,0.9138,2.0426431158557534
0.914,2.0671665915288031,0.914,2.0516780805774033
0.9142,2.0671665915288031,0.9142,2.0465152435936034
0.9144,2.0684573007747531,0.9144,2.0413524066098034
0.9146,2.0684573007747531,0.9146,2.0516780805774033
0.9148,2.0671665915288031,0.9148,2.0439338251017034
0.915,2.0658758822828531,0.915,2.0413524066098034
0.9152,2.0684573007747531,0.9152,2.0374802788719535
0.9154,2.0710387192666531,0.9154,2.0413524066098034
0.9156,2.0632944637909532,0.9156,2.0426431158557534
0.9158,2.0620037545450032,0.9158,2.0413524066098034
0.916,2.0632944637909532,0.916,2.0361895696260035
0.9162,2.0542594990693033,0.9162,2.0387709881179035
0.9164,2.0581316268071532,0.9164,2.0336081511341035
0.9166,2.0594223360531032,0.9166,2.0323174418881536
0.9168,2.0568409175612032,0.9168,2.0323174418881536
0.917,2.0555502083152533,0.917,2.0336081511341035
0.9172,2.0516780805774033,0.9172,2.0310267326422036
0.9174,2.0542594990693033,0.9174,2.0336081511341035
0.9176,2.0490966620855033,0.9176,2.0245731864124537
0.9178,2.0529687898233533,0.9178,2.0284453141503036
0.918,2.0516780805774033,0.918,2.0284453141503036
0.9182,2.0452245343476534,0.9182,2.0258638956584036
0.9184,2.0465152435936034,0.9184,2.0258638956584036
0.9186,2.0439338251017034,0.9186,2.0194103494286537
0.9188,2.0426431158557534,0.9188,2.0258638956584036
0.919,2.0439338251017034,0.919,2.0232824771665037
0.9192,2.0478059528395534,0.9192,2.0219917679205537
0.9194,2.0452245343476534,0.9194,2.0194103494286537
0.9196,2.0426431158557534,0.9196,2.0207010586746037
0.9198,2.0400616973638535,0.9198,2.0207010586746037
0.92,2.0387709881179035,0.92,2.0181196401827037
0.9202,2.0348988603800535,0.9202,2.0168289309367537
0.9204,2.0413524066098034,0.9204,2.0181196401827037
0.9206,2.0361895696260035,0.9206,2.0116660939529538
0.9208,2.0387709881179035,0.9208,2.0116660939529538
0.921,2.0348988603800535,0.921,2.0207010586746037
0.9212,2.0374802788719535,0.9212,2.0129568031989038
0.9214,2.0361895696260035,0.9214,2.0129568031989038
0.9216,2.0323174418881536,0.9216,2.0168289309367537
0.9218,2.0361895696260035,0.9218,2.0181196401827037
0.922,2.0361895696260035,0.922,2.0103753847070038
0.9222,2.0400616973638535,0.9222,2.0155382216908038
0.9224,2.0336081511341035,0.9224,2.0155382216908038
0.9226,2.0348988603800535,0.9226,2.0142475124448538
0.9228,2.0374802788719535,0.9228,2.0181196401827037
0.923,2.0361895696260035,0.923,2.0168289309367537
0.9232,2.0361895696260035,0.9232,2.0168289309367537
0.9234,2.0361895696260035,0.9234,2.0168289309367537
0.9236,2.0400616973638535,0.9236,2.0207010586746037
0.9238,2.0400616973638535,0.9238,2.0219917679205537
0.924,2.0387709881179035,0.924,2.0168289309367537
0.9242,2.0426431158557534,0.9242,2.0194103494286537
0.9244,2.0413524066098034,0.9244,2.0207010586746037
0.9246,2.0400616973638535,0.9246,2.0194103494286537
0.9248,2.0439338251017034,0.9248,2.0232824771665037
0.925,2.0452245343476534,0.925,2.0207010586746037
0.9252,2.0439338251017034,0.9252,2.0271546049043536
0.9254,2.0478059528395534,0.9254,2.0194103494286537
0.9256,2.0465152435936034,0.9256,2.0258638956584036
0.9258,2.0490966620855033,0.9258,2.0336081511341035
0.926,2.0478059528395534,0.926,2.0297360233962536
0.9262,2.0490966620855033,0.9262,2.0310267326422036
0.9264,2.0478059528395534,0.9264,2.0323174418881536
0.9266,2.0516780805774033,0.9266,2.0336081511341035
0.9268,2.0529687898233533,0.9268,2.0310267326422036
0.927,2.0568409175612032,0.927,2.0271546049043536
0.9272,2.0529687898233533,0.9272,2.0323174418881536
0.9274,2.0607130452990532,0.9274,2.0284453141503036
0.9276,2.0607130452990532,0.9276,2.0426431158557534
0.9278,2.0581316268071532,0.9278,2.0387709881179035
0.928,2.0620037545450032,0.928,2.0426431158557534
0.9282,2.0632944637909532,0.9282,2.0426431158557534
0.9284,2.0645851730369031,0.9284,2.0413524066098034
0.9286,2.0684573007747531,0.9286,2.0439338251017034
0.9288,2.0658758822828531,0.9288,2.0439338251017034
0.929,2.0645851730369031,0.929,2.0465152435936034
0.9292,2.0697480100207031,0.9292,2.0465152435936034
0.9294,2.0697480100207031,0.9294,2.0478059528395534
0.9296,2.0671665915288031,0.9296,2.0439338251017034
0.9298,2.0710387192666531,0.9298,2.0490966620855033
0.93,2.0684573007747531,0.93,2.0478059528395534
0.9302,2.072329428512603,0.9302,2.0490966620855033
0.9304,2.0697480100207031,0.9304,2.0490966620855033
0.9306,2.0684573007747531,0.9306,2.0555502083152533
0.9308,2.073620137758553,0.9308,2.0478059528395534
0.931,2.0697480100207031,0.931,2.0503873713314533
0.9312,2.0684573007747531,0.9312,2.0490966620855033
0.9314,2.073620137758553,0.9314,2.0503873713314533
0.9316,2.073620137758553,0.9316,2.0542594990693033
0.9318,2.0710387192666531,0.9318,2.0516780805774033
0.932,2.0710387192666531,0.932,2.0503873713314533
0.9322,2.074910847004503,0.9322,2.0490966620855033
0.9324,2.072329428512603,0.9324,2.0542594990693033
0.9326,2.073620137758553,0.9326,2.0503873713314533
0.9328,2.0710387192666531,0.9328,2.0503873713314533
0.933,2.076201556250453,0.933,2.0568409175612032
0.9332,2.0697480100207031,0.9332,2.0490966620855033
0.9334,2.072329428512603,0.9334,2.0478059528395534
0.9336,2.0684573007747531,0.9336,2.0503873713314533
0.9338,2.072329428512603,0.9338,2.0503873713314533
0.934,2.074910847004503,0.934,2.0478059528395534
0.9342,2.0658758822828531,0.9342,2.0413524066098034
0.9344,2.0671665915288031,0.9344,2.0374802788719535
0.9346,2.0645851730369031,0.9346,2.0452245343476534
0.9348,2.0645851730369031,0.9348,2.0452245343476534
0.935,2.0658758822828531,0.935,2.0413524066098034
0.9352,2.0632944637909532,0.9352,2.0426431158557534
0.9354,2.0645851730369031,0.9354,2.0387709881179035
0.9356,2.0607130452990532,0.9356,2.0374802788719535
0.9358,2.0658758822828531,0.9358,2.0387709881179035
0.936,2.0594223360531032,0.936,2.0400616973638535
0.9362,2.0581316268071532,0.9362,2.0374802788719535
0.9364,2.0568409175612032,0.9364,2.0323174418881536
0.9366,2.0594223360531032,0.9366,2.0374802788719535
0.9368,2.0581316268071532,0.9368,2.0323174418881536
0.937,2.0542594990693033,0.937,2.0284453141503036
0.9372,2.0529687898233533,0.9372,2.0336081511341035
0.9374,2.0503873713314533,0.9374,2.0284453141503036
0.9376,2.0490966620855033,0.9376,2.0258638956584036
0.9378,2.0452245343476534,0.9378,2.0284453141503036
0.938,2.0465152435936034,0.938,2.0297360233962536
0.9382,2.0490966620855033,0.9382,2.0245731864124537
0.9384,2.0439338251017034,0.9384,2.0232824771665037
0.9386,2.0465152435936034,0.9386,2.0258638956584036
0.9388,2.0439338251017034,0.9388,2.0181196401827037
0.939,2.0439338251017034,0.939,2.0194103494286537
0.9392,2.0374802788719535,0.9392,2.0232824771665037
0.9394,2.0426431158557534,0.9394,2.0168289309367537
0.9396,2.0426431158557534,0.9396,2.0194103494286537
0.9398,2.0413524066098034,0.9398,2.0194103494286537
0.94,2.0361895696260035,0.94,2.0181196401827037
0.9402,2.0361895696260035,0.9402,2.0181196401827037
0.9404,2.0400616973638535,0.9404,2.0181196401827037
0.9406,2.0387709881179035,0.9406,2.0116660939529538
0.9408,2.0387709881179035,0.9408,2.0155382216908038
0.941,2.0310267326422036,0.941,2.0155382216908038
0.9412,2.0361895696260035,0.9412,2.0129568031989038
0.9414,2.0374802788719535,0.9414,2.0142475124448538
0.9416,2.0374802788719535,0.9416,2.0155382216908038
0.9418,2.0361895696260035,0.9418,2.0090846754610538
0.942,2.0361895696260035,0.942,2.0168289309367537
0.9422,2.0361895696260035,0.9422,2.0142475124448538
0.9424,2.0361895696260035,0.9424,2.0155382216908038
0.9426,2.0336081511341035,0.9426,2.0142475124448538
0.9428,2.0387709881179035,0.9428,2.0194103494286537
0.943,2.0361895696260035,0.943,2.0155382216908038
0.9432,2.0336081511341035,0.9432,2.0129568031989038
0.9434,2.0426431158557534,0.9434,2.0155382216908038
0.9436,2.0323174418881536,0.9436,2.0168289309367537
0.9438,2.0361895696260035,0.9438,2.0155382216908038
0.944,2.0439338251017034,0.944,2.0194103494286537
0.9442,2.0348988603800535,0.9442,2.0181196401827037
0.9444,2.0439338251017034,0.9444,2.0207010586746037
0.9446,2.0426431158557534,0.9446,2.0245731864124537
0.9448,2.0413524066098034,0.9448,2.0181196401827037
0.945,2.0439338251017034,0.945,2.0232824771665037
0.9452,2.0452245343476534,0.9452,2.0194103494286537
0.9454,2.0452245343476534,0.9454,2.0219917679205537
0.9456,2.0439338251017034,0.9456,2.0232824771665037
0.9458,2.0465152435936034,0.9458,2.0232824771665037
0.946,2.0490966620855033,0.946,2.0297360233962536
0.9462,2.0503873713314533,0.9462,2.0232824771665037
0.9464,2.0542594990693033,0.9464,2.0310267326422036
0.9466,2.0503873713314533,0.9466,2.0323174418881536
0.9468,2.0529687898233533,0.9468,2.0387709881179035
0.947,2.0529687898233533,0.947,2.0323174418881536
0.9472,2.0555502083152533,0.9472,2.0310267326422036
0.9474,2.0529687898233533,0.9474,2.0348988603800535
0.9476,2.0594223360531032,0.9476,2.0387709881179035
0.9478,2.0607130452990532,0.9478,2.0374802788719535
0.948,2.0620037545450032,0.948,2.0387709881179035
0.9482,2.0594223360531032,0.9482,2.0426431158557534
0.9484,2.0658758822828531,0.9484,2.0426431158557534
0.9486,2.0645851730369031,0.9486,2.0478059528395534
0.9488,2.0620037545450032,0.9488,2.0439338251017034
0.949,2.0671665915288031,0.949,2.0426431158557534
0.9492,2.0607130452990532,0.9492,2.0452245343476534
0.9494,2.0658758822828531,0.9494,2.0478059528395534
0.9496,2.0658758822828531,0.9496,2.0452245343476534
0.9498,2.0697480100207031,0.9498,2.0503873713314533
0.95,2.0697480100207031,0.95,2.0490966620855033
0.9502,2.074910847004503,0.9502,2.0490966620855033
0.9504,2.0710387192666531,0.9504,2.0555502083152533
0.9506,2.073620137758553,0.9506,2.0529687898233533
0.9508,2.074910847004503,0.9508,2.0478059528395534
0.951,2.072329428512603,0.951,2.0465152435936034
0.9512,2.073620137758553,0.9512,2.0516780805774033
0.9514,2.0710387192666531,0.9514,2.0555502083152533
0.9516,2.072329428512603,0.9516,2.0529687898233533
0.9518,2.074910847004503,0.9518,2.0503873713314533
0.952,2.072329428512603,0.952,2.0490966620855033
0.9522,2.074910847004503,0.9522,2.0542594990693033
0.9524,2.077492265496403,0.9524,2.0568409175612032
0.9526,2.072329428512603,0.9526,2.0516780805774033
0.9528,2.074910847004503,0.9528,2.0542594990693033
0.953,2.0697480100207031,0.953,2.0478059528395534
0.9532,2.076201556250453,0.9532,2.0529687898233533
0.9534,2.072329428512603,0.9534,2.0503873713314533
0.9536,2.072329428512603,0.9536,2.0478059528395534
0.9538,2.0697480100207031,0.9538,2.0465152435936034
0.954,2.073620137758553,0.954,2.0478059528395534
0.9542,2.0684573007747531,0.9542,2.0439338251017034
0.9544,2.0697480100207031,0.9544,2.0452245343476534
0.9546,2.0671665915288031,0.9546,2.0426431158557534
0.9548,2.0671665915288031,0.9548,2.0439338251017034
0.955,2.0645851730369031,0.955,2.0439338251017034
0.9552,2.0658758822828531,0.9552,2.0426431158557534
0.9554,2.0620037545450032,0.9554,2.0413524066098034
0.9556,2.0594223360531032,0.9556,2.0400616973638535
0.9558,2.0658758822828531,0.9558,2.0361895696260035
0.956,2.0632944637909532,0.956,2.0348988603800535
0.9562,2.0607130452990532,0.9562,2.0348988603800535
0.9564,2.0581316268071532,0.9564,2.0361895696260035
0.9566,2.0581316268071532,0.9566,2.0310267326422036
0.9568,2.0568409175612032,0.9568,2.0336081511341035
0.957,2.0568409175612032,0.957,2.0336081511341035
0.9572,2.0568409175612032,0.9572,2.0284453141503036
0.9574,2.0503873713314533,0.9574,2.0310267326422036
0.9576,2.0516780805774033,0.9576,2.0284453141503036
0.9578,2.0503873713314533,0.9578,2.0323174418881536
0.958,2.0503873713314533,0.958,2.0245731864124537
0.9582,2.0465152435936034,0.9582,2.0207010586746037
0.9584,2.0490966620855033,0.9584,2.0245731864124537
0.9586,2.0413524066098034,0.9586,2.0284453141503036
0.9588,2.0478059528395534,0.9588,2.0232824771665037
0.959,2.0426431158557534,0.959,2.0194103494286537
0.9592,2.0426431158557534,0.9592,2.0194103494286537
0.9594,2.0426431158557534,0.9594,2.0219917679205537
0.9596,2.0426431158557534,0.9596,2.0181196401827037
0.9598,2.0400616973638535,0.9598,2.0194103494286537
0.96,2.0413524066098034,0.96,2.0155382216908038
0.9602,2.0413524066098034,0.9602,2.0194103494286537
0.9604,2.0413524066098034,0.9604,2.0194103494286537
0.9606,2.0387709881179035,0.9606,2.0181196401827037
0.9608,2.0387709881179035,0.9608,2.0155382216908038
0.961,2.0374802788719535,0.961,2.0129568031989038
0.9612,2.0387709881179035,0.9612,2.0142475124448538
0.9614,2.0374802788719535,0.9614,2.0116660939529538
0.9616,2.0400616973638535,0.9616,2.0168289309367537
0.9618,2.0374802788719535,0.9618,2.0155382216908038
0.962,2.0323174418881536,0.962,2.0155382216908038
0.9622,2.0387709881179035,0.9622,2.0194103494286537
0.9624,2.0336081511341035,0.9624,2.0142475124448538
0.9626,2.0374802788719535,0.9626,2.0129568031989038
0.9628,2.0374802788719535,0.9628,2.0155382216908038
0.963,2.0348988603800535,0.963,2.0142475124448538
0.9632,2.0361895696260035,0.9632,2.0194103494286537
0.9634,2.0387709881179035,0.9634,2.0181196401827037
0.9636,2.0387709881179035,0.9636,2.0207010586746037
0.9638,2.0400616973638535,0.9638,2.0168289309367537
0.964,2.0400616973638535,0.964,2.0181196401827037
0.9642,2.0439338251017034,0.9642,2.0232824771665037
0.9644,2.0387709881179035,0.9644,2.0271546049043536
0.9646,2.0413524066098034,0.9646,2.0207010586746037
0.9648,2.0426431158557534,0.9648,2.0219917679205537
0.965,2.0452245343476534,0.965,2.0181196401827037
0.9652,2.0452245343476534,0.9652,2.0245731864124537
0.9654,2.0452245343476534,0.9654,2.0232824771665037
0.9656,2.0452245343476534,0.9656,2.0258638956584036
0.9658,2.0503873713314533,0.9658,2.0245731864124537
0.966,2.0452245343476534,0.966,2.0284453141503036
0.9662,2.0529687898233533,0.9662,2.0310267326422036
0.9664,2.0503873713314533,0.9664,2.0336081511341035
0.9666,2.0490966620855033,0.9666,2.0284453141503036
0.9668,2.0490966620855033,0.9668,2.0348988603800535
0.967,2.0542594990693033,0.967,2.0348988603800535
0.9672,2.0568409175612032,0.9672,2.0374802788719535
0.9674,2.0607130452990532,0.9674,2.0336081511341035
0.9676,2.0581316268071532,0.9676,2.0310267326422036
0.9678,2.0594223360531032,0.9678,2.0426431158557534
0.968,2.0594223360531032,0.968,2.0413524066098034
0.9682,2.0594223360531032,0.9682,2.0413524066098034
0.9684,2.0607130452990532,0.9684,2.0426431158557534
0.9686,2.0671665915288031,0.9686,2.0439338251017034
0.9688,2.0632944637909532,0.9688,2.0374802788719535
0.969,2.0671665915288031,0.969,2.0426431158557534
0.9692,2.0684573007747531,0.9692,2.0452245343476534
0.9694,2.0645851730369031,0.9694,2.0490966620855033
0.9696,2.0710387192666531,0.9696,2.0490966620855033
0.9698,2.0671665915288031,0.9698,2.0439338251017034
0.97,2.0710387192666531,0.97,2.0478059528395534
0.9702,2.0710387192666531,0.9702,2.0478059528395534
0.9704,2.0697480100207031,0.9704,2.0490966620855033
0.9706,2.0710387192666531,0.9706,2.0490966620855033
0.9708,2.074910847004503,0.9708,2.0516780805774033
0.971,2.072329428512603,0.971,2.0503873713314533
0.9712,2.072329428512603,0.9712,2.0542594990693033
0.9714,2.0710387192666531,0.9714,2.0568409175612032
0.9716,2.0710387192666531,0.9716,2.0478059528395534
0.9718,2.074910847004503,0.9718,2.0555502083152533
0.972,2.073620137758553,0.972,2.0529687898233533
0.9722,2.0710387192666531,0.9722,2.0529687898233533
0.9724,2.073620137758553,0.9724,2.0516780805774033
0.9726,2.074910847004503,0.9726,2.0529687898233533
0.9728,2.072329428512603,0.9728,2.0529687898233533
0.973,2.0697480100207031,0.973,2.0516780805774033
0.9732,2.074910847004503,0.9732,2.0529687898233533
0.9734,2.072329428512603,0.9734,2.0529687898233533
0.9736,2.0684573007747531,0.9736,2.0452245343476534
0.9738,2.0671665915288031,0.9738,2.0490966620855033
0.974,2.0684573007747531,0.974,2.0490966620855033
0.9742,2.0697480100207031,0.9742,2.0478059528395534
0.9744,2.0658758822828531,0.9744,2.0478059528395534
0.9746,2.0645851730369031,0.9746,2.0426431158557534
0.9748,2.073620137758553,0.9748,2.0465152435936034
0.975,2.0684573007747531,0.975,2.0452245343476534
0.9752,2.0645851730369031,0.9752,2.0452245343476534
0.9754,2.0620037545450032,0.9754,2.0387709881179035
0.9756,2.0645851730369031,0.9756,2.0400616973638535
0.9758,2.0594223360531032,0.9758,2.0374802788719535
0.976,2.0632944637909532,0.976,2.0400616973638535
0.9762,2.0581316268071532,0.9762,2.0374802788719535
0.9764,2.0568409175612032,0.9764,2.0323174418881536
0.9766,2.0555502083152533,0.9766,2.0297360233962536
0.9768,2.0542594990693033,0.9768,2.0297360233962536
0.977,2.0542594990693033,0.977,2.0297360233962536
0.9772,2.0516780805774033,0.9772,2.0284453141503036
0.9774,2.0478059528395534,0.9774,2.0297360233962536
0.9776,2.0503873713314533,0.9776,2.0297360233962536
0.9778,2.0503873713314533,0.9778,2.0297360233962536
0.978,2.0503873713314533,0.978,2.0271546049043536
0.9782,2.0465152435936034,0.9782,2.0245731864124537
0.9784,2.0478059528395534,0.9784,2.0207010586746037
0.9786,2.0478059528395534,0.9786,2.0219917679205537
0.9788,2.0465152435936034,0.9788,2.0232824771665037
0.979,2.0452245343476534,0.979,2.0232824771665037
0.9792,2.0439338251017034,0.9792,2.0194103494286537
0.9794,2.0439338251017034,0.9794,2.0245731864124537
0.9796,2.0400616973638535,0.9796,2.0207010586746037
0.9798,2.0400616973638535,0.9798,2.0168289309367537
0.98,2.0400616973638535,0.98,2.0116660939529538
0.9802,2.0361895696260035,0.9802,2.0155382216908038
0.9804,2.0374802788719535,0.9804,2.0129568031989038
0.9806,2.0374802788719535,0.9806,2.0155382216908038
0.9808,2.0387709881179035,0.9808,2.0142475124448538
0.981,2.0387709881179035,0.981,2.0155382216908038
0.9812,2.0348988603800535,0.9812,2.0155382216908038
0.9814,2.0361895696260035,0.9814,2.0142475124448538
0.9816,2.0348988603800535,0.9816,2.0103753847070038
0.9818,2.0387709881179035,0.9818,2.0129568031989038
0.982,2.0361895696260035,0.982,2.0116660939529538
0.9822,2.0336081511341035,0.9822,2.0142475124448538
0.9824,2.0374802788719535,0.9824,2.0155382216908038
0.9826,2.0374802788719535,0.9826,2.0116660939529538
0.9828,2.0374802788719535,0.9828,2.0194103494286537
0.983,2.0387709881179035,0.983,2.0129568031989038
0.9832,2.0374802788719535,0.9832,2.0207010586746037
0.9834,2.0387709881179035,0.9834,2.0155382216908038
0.9836,2.0400616973638535,0.9836,2.0155382216908038
0.9838,2.0413524066098034,0.9838,2.0245731864124537
0.984,2.0426431158557534,0.984,2.0116660939529538
0.9842,2.0413524066098034,0.9842,2.0232824771665037
0.9844,2.0426431158557534,0.9844,2.0207010586746037
0.9846,2.0439338251017034,0.9846,2.0245731864124537
0.9848,2.0478059528395534,0.9848,2.0181196401827037
0.985,2.0465152435936034,0.985,2.0219917679205537
0.9852,2.0426431158557534,0.9852,2.0258638956584036
0.9854,2.0439338251017034,0.9854,2.0232824771665037
0.9856,2.0490966620855033,0.9856,2.0297360233962536
0.9858,2.0478059528395534,0.9858,2.0271546049043536
0.986,2.0452245343476534,0.986,2.0271546049043536
0.9862,2.0503873713314533,0.9862,2.0310267326422036
0.9864,2.0503873713314533,0.9864,2.0336081511341035
0.9866,2.0490966620855033,0.9866,2.0348988603800535
0.9868,2.0555502083152533,0.9868,2.0271546049043536
0.987,2.0542594990693033,0.987,2.0297360233962536
0.9872,2.0542594990693033,0.9872,2.0284453141503036
0.9874,2.0594223360531032,0.9874,2.0323174418881536
0.9876,2.0555502083152533,0.9876,2.0348988603800535
0.9878,2.0581316268071532,0.9878,2.0400616973638535
0.988,2.0581316268071532,0.988,2.0348988603800535
0.9882,2.0632944637909532,0.9882,2.0400616973638535
0.9884,2.0645851730369031,0.9884,2.0478059528395534
0.9886,2.0645851730369031,0.9886,2.0426431158557534
0.9888,2.0620037545450032,0.9888,2.0439338251017034
0.989,2.0632944637909532,0.989,2.0465152435936034
0.9892,2.0620037545450032,0.9892,2.0439338251017034
0.9894,2.0671665915288031,0.9894,2.0452245343476534
0.9896,2.0671665915288031,0.9896,2.0465152435936034
0.9898,2.0684573007747531,0.9898,2.0439338251017034
0.99,2.0710387192666531,0.99,2.0478059528395534
0.9902,2.0697480100207031,0.9902,2.0490966620855033
0.9904,2.0710387192666531,0.9904,2.0478059528395534
0.9906,2.0697480100207031,0.9906,2.0439338251017034
0.9908,2.0671665915288031,0.9908,2.0478059528395534
0.991,2.074910847004503,0.991,2.0516780805774033
0.9912,2.073620137758553,0.9912,2.0516780805774033
0.9914,2.0710387192666531,0.9914,2.0503873713314533
0.9916,2.072329428512603,0.9916,2.0490966620855033
0.9918,2.074910847004503,0.9918,2.0503873713314533
0.992,2.072329428512603,0.992,2.0529687898233533
0.9922,2.074910847004503,0.9922,2.0542594990693033
0.9924,2.072329428512603,0.9924,2.0529687898233533
0.9926,2.0710387192666531,0.9926,2.0529687898233533
0.9928,2.0697480100207031,0.9928,2.0503873713314533
0.993,2.073620137758553,0.993,2.0516780805774033
0.9932,2.0697480100207031,0.9932,2.0529687898233533
0.9934,2.0710387192666531,0.9934,2.0516780805774033
0.9936,2.073620137758553,0.9936,2.0478059528395534
0.9938,2.0697480100207031,0.9938,2.0478059528395534
0.994,2.072329428512603,0.994,2.0426431158557534
0.9942,2.0684573007747531,0.9942,2.0426431158557534
0.9944,2.0697480100207031,0.9944,2.0439338251017034
0.9946,2.0684573007747531,0.9946,2.0465152435936034
0.9948,2.0671665915288031,0.9948,2.0452245343476534
0.995,2.0620037545450032,0.995,2.0413524066098034
0.9952,2.0632944637909532,0.9952,2.0439338251017034
0.9954,2.0620037545450032,0.9954,2.0426431158557534
0.9956,2.0671665915288031,0.9956,2.0374802788719535
0.9958,2.0581316268071532,0.9958,2.0400616973638535
0.996,2.0607130452990532,0.996,2.0413524066098034
0.9962,2.0594223360531032,0.9962,2.0361895696260035
0.9964,2.0581316268071532,0.9964,2.0310267326422036
0.9966,2.0568409175612032,0.9966,2.0348988603800535
0.9968,2.0581316268071532,0.9968,2.0297360233962536
0.997,2.0490966620855033,0.997,2.0284453141503036
0.9972,2.0529687898233533,0.9972,2.0348988603800535
0.9974,2.0503873713314533,0.9974,2.0271546049043536
0.9976,2.0516780805774033,0.9976,2.0297360233962536
0.9978,2.0542594990693033,0.9978,2.0258638956584036
0.998,2.0478059528395534,0.998,2.0245731864124537
0.9982,2.0478059528395534,0.9982,2.0232824771665037
0.9984,2.0516780805774033,0.9984,2.0219917679205537
0.9986,2.0452245343476534,0.9986,2.0155382216908038
0.9988,2.0413524066098034,0.9988,2.0181196401827037
0.999,2.0413524066098034,0.999,2.0207010586746037
0.9992,2.0452245343476534,0.9992,2.0194103494286537
0.9994,2.0426431158557534,0.9994,2.0219917679205537
0.9996,2.0400616973638535,0.9996,2.0168289309367537
0.9998,2.0413524066098034,0.9998,2.0194103494286537
